18 26 575 3
Loc_1
Loc_2
Loc_3
Loc_4
Loc_5
Loc_6
Loc_7
Loc_8
Loc_9
Loc_10
Loc_11
Loc_12
Loc_13
Loc_14
Loc_15
Loc_16
Loc_17
Loc_18
Loc_19
Loc_20
Loc_21
Loc_22
Loc_23
Loc_24
Loc_25
Loc_26
1   249261 221221 257257 219222 249249 523526 224224 177177 240240 311311 263261 265265 161161 279279 220220 214214 304304 340340 243247 293293 252252 190190 258172 539542 352358 224224
1   261261 221221 257257 219219 249249 523523 224224 177177 240240 307311 263263 265265 163161 279279 220220 214214 304304 340340 205249 293293 252252 190190 258258 539542 320338 224224
1   255261 221221 257257 219219 249251 523523 224224 177177 240240 307307 263263 265265 163163 279279 220220 214214 304304 340340 221247 293293 252254 190190 258258 539542 320348 224224
1   257257 221221 257257 216219 249251 523532 224224 177177 240240 309311 263263 265265 163157 279279 220220 214214 304304 340340 237249 293293 252254 190190 258172 539539 336352 224227
1   261261 221221 257257 219219 249251 523523 224224 177177 240240 311311 263263 265265 163223 279279 220220 214214 304304 340340 245247 293293 252254 190190 258172 539539 332334 224224
1   257263 221221 257257 219225 249249 523523 224224 177177 240240 307311 263261 265265 163163 279279 220220 214214 304304 340336 205249 293293 252252 190190 172172 539539 338352 224224
1   257257 221221 257257 219222 249249 523523 224224 177177 240240 307307 263263 265265 163161 279288 220220 214214 304304 340340 217249 293293 252252 190190 258174 539539 338352 224224
1   271261 221221 257257 216219 249249 523523 224227 177177 240240 307309 263263 265265 161157 279279 220220 214214 304304 340330 245245 293293 252252 190190 168172 539542 342352      0
1   261261 221221 257257 219219 249249 523523 224224 177177 240240 309311 263263 265265 163163 279279 220220 214214 304304 340340 205217 293293 252252 190190 258258 539542 320354 224224
1   241261 221221 257257 219219 249249      0 224224 177177 240240 307311 263263 265265 163161 279279 220220 214214 304304 340340 205205 293293 252252 190190 172172 542542 330342 224227
1   261261 221221 257257 222219 249249 529526 224224 177177 240240 307307 263259 265265 163161 279279 220220 214214 304304 340334 245245 293293 252252 190190 172258      0 328338 224224
1   261271 221221 257257 219219 249249 523523 224224 177177 240240 307311 263263 265265 163161 279279 220220 214214 304304 340340 207245 293293 252252 190190 172168 539542 328342 224227
1   261267 221221 257257 216219 249251 523526 224224 177177 240240 309309 263263 265265 163161 279279 220220 214214 304304 340334 205249 293293 252254 190190 258258 539542 320336 224224
2   255267 221221 257257 216222 249249 523523 224224 177177 240240 309309 263257 265265 163161 279279 220220 214214 304304 340332 235241 293293 252252 190190 172168 539539 354358 224224
2   255265 221221 257257 216228 249249 523523 224224 177177 240240 309311 263263 265265 163163 279279 220220 214214 304304 340340 243245 293293 252252 190190 258258 539539 330330 224224
2   257265 221221 257257 219222 249249 532535 224224 177177 240240 307307 263249 265265 163157 279279 220220 214214 304304 340340 237237 293299 252252 190190 172258      0 338354 224224
2   257267 221221 257257 222222 249249 523523 224224 177177 240240 307309 263263 265265 163157 279279 220220 214214 304304 340340 243245 293293 252252 190190 172172 539539 342342 224224
2   257265 221221 257257 219219 249249 523523 224224 177177 240240 309309 263263 265265 163161 279279 220220 214214 304304 340340 217241 293293 252252 190190 172172 539542 330336 224224
2   253265 221221 257257 219222 249249 526535 224224 177177 240240 307307 263263 265265 163161 279279 220220 214214 304304 340340 205245 293299 252252 190190 172172 542542 344354 224221
2   245273 221225 257257 219222 249249 523535 224224 177177 240240 307307 263259 265265 163163 279279 220220 214214 304304 340336 203203 293299 252252 190190 258258 539542 338340 224224
2   261269 221221 257257 222222 249249 523523 224224 177177 240240 307309 263261 265265 163163 279279 220220 214214 304304 340336 205225 293295 252252 190190 258172 539539 342344 224224
2   273273 221221 257257 216225 249249 523523 224224 177177 240240 307309 263263 265265 163171 279279 220220 214214 304304 340340 227245 293299 252252 190190 172172 542539 348358 224224
2   269269 221219 257257 219228 249249 523523 224224 177177 240240 307309 263263 265265 163161 279279 220220 214214 304304 340340 209225 293293 252252 190190 258172 539542 346354 224224
2   265271 221221 257257 216207 249249 523523 224227 177177 240240 307309 263263 265265 163161 279279 220220 214214 304304 340340 243247 293299 252252 190190 258172 539539 348346 224224
2   259259 221221 257257 219219 249249 523523 224224 177177 240240 309307 263263 265265 163163 279279 220220 214214 304304 340340 215249 293293 252252 190190 258258 539542 332336 224224
2   257261 221217 257257 219222 249249 526535 224224 177177 240240 309309 263259 265265 163223 279279 220220 214214 304304 340334 245245 293299 252252 190190 258258 542542 332348 224224
2   255251 221221 257257 216219 249249 523523 224224 177177 240240 309311 263263 265265 163163 279279 220220 214214 304304 340336 227245 293299 252252 190190 172172 539539 346346 224224
2   257267 221221 257257 216222 249249 523535 224224 177177 240240 307307 263263 265265 161223 279279 220220 214214 304304 340340 245245 293293 252252 190190 258258 539542 330342 224224
2   261269 221221 257257 222222 249249 526535 224224 177177 240240 307309 263263 265265 163161 279279 220220 214214 304304 340340 225241 293293 252252 190190 172172 542542 346346 224224
2   257259 221221 257257 219219 249249 523523 224224 177177 240240 307307 263263 265265 163163 279279 220220 214214 304304 340340 205241 293293 252252 190190 258258 542539 336342 224224
2   261277 221221 257257 219222 249249 526535 224224 177177 240240 307309 263263 265265 163161 279279 220220 214214 304304 340340 211223 293293 252252 190190 172258 542542 330346 224224
2   267267 221221 257257 219222 249249      0 224224 177177 240240 307309 263263 265265 163161 279279 220220 214214 304304 340340 225225 293293 252252 190196 172258      0 344346      0
2   255257 221221 257257 219222 249249 523523 224224 177177 240240 307307 263263 265265 163163 279279 220220 214214 304304 340340 205251 293293 252252 190190 258258 539542 330336 224224
2   259259 221221 257257 219219 249249      0 224224 177177 240240 307307 263263 265265 223223 279279 220220 214214 304304 340334 241243 293299 252246 190190 258172      0 330346 224224
2   245263 221221 257257 219222 249249 523523 224227 177177 240240 307307 263263 265262 163163 279279 220220 214214 304304 340340      0 293293 252252 190190 172172 539539 340346 224224
2   245265 221221 257257 219222 249249 523523 224227 177177 240240 307307 263263 265265 163161 279279 220220 214214 304304 340340 241245 293295 252252 190190 172258 539542 336342 224224
2   267269 221221 257257 222225 249249 523526 224224 177177 240240 307309 263263 265265 163161 279279 220220 214214 304304 340340 241247 293293 252252 190190 172258 539542 346342 224224
2   263267 221221 257257 219219 249249 526535 224224 177177 240240 307309 263263 265265 163161 279288 220220 214214 304304 340340 225217 293293 252252 190196 172258 542542 336338 224224
3   263265 221221 257257 216219 249251 523535 224224 177177 240240 309307 263263 265265 163171 279282 220220 214214 304304 340340 239239 293293 252254 190190 172258 539539 340340 224224
3   261261 221241 257257 219219 249249 523535 224224 177177 240240 309311 263263 265265 223223 279276 220220 214214 304304 340340 215245 293293 252252 190190 172172 539542 336350 224224
3   239269 221239 257257 216219 249249 523526 224224 177177 240240 307333 263263 265265 163171 279279 220220 214214 304304 340340 231245 293293 252252 190190 172250 539542 336350 224224
3   261273 221221 257257 219222 249249 523526 224224 177177 240240 309309 263263 265265 163157 279279 220220 214214 304304 340340 221221 293293 252252 190190 172258 539542 330340 224224
3   265263 221221 257257 219222 249249 523526 224224 177177 240240 309309 263263 265265 163163 279279 220220 214214 304304 340340 245253 293293 252252 190190 258176 539542 340340 224224
3   253273 221221 257257 219222 249249 523535 224224 177177 240240 307307 263263 265265 163163 279279 220220 214214 304304 340340 229245 293293 252252 190190 172172 539539 328330 224224
3   257265 221221 257257 219225 249251 526526 224224 177177 240240 307307 263263 265265 163163 279279 220220 214214 304304 340340 205249 293293 252254 190190 172258 542542 328330 224224
3   265265 221221 257257 222222 249251 523535 224224 177177 240240 309309 263263 265265 163171 279279 220220 214214 304304 340340 245245 293293 252254 190190 172258 539548 330346 224224
3   253255 221221 257257 219222 249251 526523 224224 177177 240240 309311 263263 265265 161163 279282 220220 214214 304304 340340 229245 293295 252254 190190 172258 539539 330340 224224
3   259263 221241 257257 222228 249249 523535 224224 177177 240240 309311 263263 265265 163163 279279 220220 214214 304304 340340 241223 293293 252274 190190 172172 539539 330330 224224
3   251263 221221 257257 219219 247247 523526 224224 177177 240240 309309 263263 265265 163163 279279 220220 214214 304304 340340 205245 293293 252252 190190 172176 539542 342342 224224
3   261265 221221 257257 219219 249249 523535 224224 177177 240240 309307 263263 265265 163171 279279 220220 214214 304304 340340 229237 293293 252252 190190 250176 539539 336356 224224
3   263265 221221 257257 219219 249249 523535 224224 177177 240240 311311 263263 265265 161163 279279 220220 214214 304304 340340 205205 293293 252252 190190 172172 539539 326340 224224
3   259265 221221 257257 219219 249249 523535 224224 177177 240240 307309 263263 265265 171163 279279 220220 214214 304304 340340 239253 293293 252252 190190 258258 539539 342356 224224
3   265265 221221 257257 216219 249249 535526 224224 177177 240240 307311 263263 265265 163171 279279 220220 214214 304304 340340 205245 293293 252274 190190 172172 539542 338350 224224
3   265265 221241 257257 219219 249249 523529 224224 177177 238240 307307 263263 265265 163163 279282 220220 214214 304304 340340 195247 293295 252252 190190 172176 539542 332356 224224
3   267277 221221 257257 216219 249249 523526 224227 177177 240240 311309 263263 265265 163163 279282 220220 214214 304304 340340 231223 293293 252252 190190 172172 539542 340344 224224
3   263265 221221 257257 219222 249249 526535 224224 177177 240240 309311 263263 265265 163223 279279 220220 214214 304304 340340 215239 293293 252274 190190 172172      0 330342 224224
3   265275 221221 257257 219219 249249 523535 224224 177177 240240 309307 263263 265265 163171 279279 220220 214214 304304 340340 205245 293293 252252 190190 258258 539539 336350 224224
3   253253 221221 257257 219222 249249 523535 224224 177177 240240 309307 263263 265265 163163 279276 220220 214214 304304 340340 239249 293293 252252 190190 172172 539539 330342 224224
3   251259 221221 257257 216219 249249 523526 224224 177177 240240 309307 263263 265265 163163 279279 220220 214214 304304 340340 229245 293293 252252 190190 172172 539542 340350 224224
3   259269 221221 257257 216219 249249 523526 224224 177177 240240 307309 263263 265265 163171 279291 220220 214214 304304 340340 245249 293293 252252 190190 176172 539542 344350 224224
4   267271 221241 257257 228219 251251 523535 224224 177177 240240 307307 263263 265265 163171 279288 220220 214214 304304 340340 229247 293295 252252 190190 172258 539539 346348 224224
4   261263 221241 257257 219219 249251 526520 224224 177177 240240 307311 263263 265265 163163 279279 220220 214214 304304 340340 245247 293293 252254 190190 172172 542542 350340 224224
4   259271 221213 257257 219228 249249 523535 224224 177177 240240 307307 263263 265265 161163 279288 220220 214214 304304 340340 229207 293295 252252 190190 258172 539539 346346 224224
4   255257 221221 257257 219222 249249 523523 224224 177177 240240 307307 263263 265265 163171 279282 220220 214214 304304 340340 205231 293293 252252 190190 258172 539539 346348 224224
4   265277 221221 257257 219225 249249 523526 224224 177177 240240 309311 263263 265265 163223 279279 220220 214214 304304 340340 229237 293293 252252 190190 258258 539542 338342 224227
4   271277 221241 257257 219219 249249 523526 224224 177177 240240 307309 263263 265265 163171 279279 220220 214214 304304 340340 207217 293293 252252 190190 258258 539542 338346 224224
4   259267 221241 257257 219222 249249 523532 224224 177177 240240 309309 263263 265265 163163 279279 220220 214214 304304 340340 205217 293293 252252 190190 172258 539539 340346 224224
4   241261 221241 257257 216219 249249 523535 224224 177177 240240 307309 263263 265265 163163 279279 220220 214214 304304 340340 227229 293293 252252 190190 258258 539539 354356 224224
4   241241 221221 257257 216219 249249 523535 224224 177177 240240 307333 263263 265265 161163 279279 220220 214214 304304 340340 205225 293293 252252 190190 172258 539548 342350 224224
4   241259 221241 257257 219228 249249 523523 224224 177177 240240 307307 263263 265265 163163 279279 220220 214214 304304 340340 205231 293293 252252 190190 172172 539539 342352 224224
4   255259 221221 257257 219219 249251 523523 224224 177177 240240 307311 263263 265265 223223 279282 220220 214214 304304 340340 243249 293295 252254 190190 258172 539539 342350 224227
4   255261 221221 257257 219219 249249 523523 224224 177177 240240 307309 263263 265265 163223 279279 220220 214214 304304 340340 231231 293293 252252 190190 172172 539539 344346 224227
4   241261 221221 257257 216219 249249 523535 224224 177177 240240 309309 263263 265265 163163 279279 220220 214214 304304 340340 227243 293293 252252 190190 172258 539542 346356 224224
4   263277 221241 257257 219219 249249 523535 224224 177177 240240 311311 263263 265265 163163 279279 220220 214214 304304 340340 241247 293293 252252 190190 172172 539539 340346 224224
4   265277 221241 257257 219225 249249 523526 224224 177177 240240 309311 263263 265265 163223 279279 220220 214214 304304 340340 229237 293293 252252 190190 258258 539542 338340 224227
4   255265 221241 257257 219219 249249 523535 224224 177177 240240 309311 263263 265265 163163 279279 220220 214214 304304 340340 243249 293295 252252 190190 258258 539539 342348 224224
4   263267 221221 257257 219222 249249 523526 224224 177177 240240 307307 263263 265265 163163 279279 220220 214214 304304 340340 219249 293293 252252 190190 172258 539542 338352 224224
4   259267 221221 257257 219219 249251 523535 224224 177177 240240 309311 263263 265265 163223 279282 220220 214214 304304 340340 243245 293293 252254 190190 172258 539542 342346 224227
4   267273 221221 257257 219219 249249 523526 224224 177177 240240 309309 263263 265265 163163 279279 220220 214214 304304 340340 207239 293293 252252 190190 172172 539542 342344 224224
4   265275 221221 257257 222222 249249 523535 224224 177177 240240 311307 263263 265265 163163 279279 220220 214214 304304 340340 205221 293293 252252 190190 172258 539539 340340 224224
4   255265 221241 257257 219228 249249 523535 224224 177177 240240 307307 263263 265265 223223 279279 220220 214214 304304 340340 239221 293293 252252 190190 172172 539548 342348 224224
5   255267 221221 257257 216222 249249 523535 224224 177177 240240 309309 263263 265265 163163 279279 220220 214214 304304 340340 227239 293295 252252 190190 172258 539539 340340 224224
5   259267 221221 257257 216219 249249 523535 224224 177177 240240 309309 263263 265265 163163 279279 220220 214214 304304 340340 239241 293293 252252 190190 172172 539539 342342 224224
5   265267 221221 257257 216219 249249 523526 224224 177177 240240 307309 263263 265265 163171 279279 220220 214214 304304 340340 227239 293293 252252 190190 172172 539542 338350 224224
5   257261 221241 257257 219222 249249 526535 224224 177177 240240 307307 263263 265265 163163 279285 220220 214214 304304 340340 227239 293293 252252 190190 172172 542548 342350 224224
5   263273 221221 257257 219219 249251 526535 224224 177177 240240 309309 263263 265265 163223 279279 220220 214214 304304 340340 209237 293293 252254 190190 172258 542548 342342 224224
5   255255 221221 257257 219219 249249 523526 224224 177177 240240 307309 263263 265265 163163 279288 220220 214214 304304 340340 209229 293293 252252 190190 250172 539542 342342 224224
5   241259 221221 257257 216216 249249 526535 224224 177177 240240 311311 263263 265265 163223 279279 220220 214214 304304 340340 209241 293293 252252 190190 258258 542542 340350 224224
5   257265 221241 257257 222225 249249 538550 224224 177177 240240 307307 263263 265265 163163 279279 220220 214214 304304 340340 245245 293287 252252 190190 172172 539539 342356 224224
5   263263 221241 257257 219228 249249 523535 224224 177177 240240 307311 263263 265265 163171 279285 220220 214214 304304 340340 239245 293293 252252 190190 172172 539548 330338 224224
5   259265 221221 257257 225228 249249 523535 224224 177177 240240 307307 263263 265265 163163 279279 220220 214214 304304 340340 239239 293293 252252 190190 172250 539539 330338 224227
5   259269 221221 257257 219222 249249 526535 224227 177177 240240 311309 263263 265265 163163 279279 220220 214214 304304 340340 239239 293293 252252 190190 258258 542542 342348 224224
5   265273 221221 257257 216219 249249 526535 224224 177177 240240 307307 263263 265265 163163 279285 220220 214214 304304 340340 209237 293295 252252 190190 172172 542542 338342 224224
5   257273 221241 257257 216222 249249 526523 224224 177177 240240 307307 263263 265265 163163 279279 220220 214214 304304 340340 237243 293295 252252 190190 172172 539542 340340 224224
5   263265 221241 257257 222222 249249 523535 224224 177180 240240 307309 263263 265265 163163 279279 220220 214214 304304 340340 239251 293295 252250 190190 258172 539548 342348 224224
5   257273 221241 257257 216222 249249 535535 224224 177177 240240 307309 263263 265265 163163 279279 220220 214214 304304 340340 235239 293293 252252 190190 258258 548548 342342 224224
5   257263 221221 257257 222228 249249 526535 224224 177177 240240 307309 263263 265265 163163 279279 220220 214214 304304 340340 239245 293293 252252 190190 172258 542548 330330 224227
5   255265 221221 257257 219219 249249 526535 224227 177177 240240 309309 263263 265265 163171 279279 220220 214214 304304 340340 241247 293293 252252 190190 258258 542542 342342 224224
5   257257 221221 257245 216219 249251 523535 224224 177177 240240 307309 263263 265265 161163 279279 220220 214214 304304 340340 209209 293295 252254 190190 172258 539548 342346 224224
5   263265 221221 257257 219222 249249 523535 224224 177177 240240 307309 263263 265265 163163 279279 220220 214214 304304 340340 209239 293293 252252 190190 172258 539548 330344 224227
5   265267 221241 257257 219222 249249 523526 224224 177177 240240 309311 263263 265265 163163 279279 220220 214214 304304 340340 239241 293293 252252 190190 258172 539542 338348 224224
5   257265 221241 257257 216219 249249 526535 224224 177177 240240 307307 263263 265265 163171 279279 220220 214214 304304 340340 209237 293293 252252 190190 172172 542542 340346 224224
5   257265 221221 257257 219222 249249 523526 224224 177177 240240 307311 263263 265265 163163 279285 220220 214214 304304 340340 239241 293293 252252 190190 258258 539542 340348 224224
5   257265 221241 257257 222222 249249 523526 224224 177198 240240 309311 263263 265265 163163 279279 220220 214214 304304 340340 241245 293295 252274 190190 172172 539542 342348 224227
5   263265 221241 257257 216222 249249 523535 224224 177177 240240 307309 263263 265265 161163 279285 220220 214214 304304 340340 239243 293293 252252 190190 172172 539539 340348 224224
5   265265 221221 257257 219222 249249 523526 224227 177177 240240 309311 263263 265265 163163 279279 220220 214214 304304 340340 245247 293295 252252 190190 172258 539542 342344 224224
5   257273 221241 257257 216219 249249 523535 224224 177177 240240 311309 263263 265265 223223 279279 220220 214214 304304 340340 237239 293293 252252 190190 258172 539539 342346 224224
5   263267 221217 257257 219222 249245 523523 224224 177177 240240 307309 263263 265265 163163 279279 220220 214214 304296 340332 239239 293295 252252 190190 172172 539548 340342 224224
5   255257 221221 257257 219222 249249 523535 224224 177177 240240 307307 263263 265265 163163 279279 220220 214214 304304 340340 209243 293293 252252 190190 172172 539539 344350 224224
6   257257 221241 257257 219225 249249 523526 224224 177177 240240 311333 263263 265265 163161 279279 220220 214214 304304 340340 209239 293295 252252 190190 172258 539542 344350 224224
6   257263 221241 257257 219219 249249 523523 224224 177177 240240 307333 263263 265265 223163 279279 220220 214214 304304 340340 243249 293293 252252 190190 172176 539539 336338 224224
6   243269 221241 257257 219219 249249 523535 224224 177177 240240 307307 263263 265265 163163 279279 220220 214214 304304 340340 215241 293293 252252 190190 258176 539539 336358 224224
6   265269 221221 257257 219228 249249 523535 224224 177177 240240 333333 263263 265265 163163 279279 220220 214214 304304 340340 205215 293295 252252 190190 172172 539542 330336 224224
6   251259 221241 257257 219228      0 523535 224224 177177 240240 311311 263263 265265 163163 279279 220220 214214 304304 340340 205243 293293 274252 190190 258258 539539 330338 224224
6   267269 221241 257257 219219 249249 523535 224224 177177 240240 311333 263263 265265 163163 279279 220220 214214 304304 340340 205245 293295 252252 190190 172176 539539 336342 224224
6   265265 221221 257257 228219 249249 523523 224224 177177 240240 307309 263263 265265 163163 279279 220220 214214 304304 340340 241249 293293 252252 190190 176172 539539 330362 224224
6   269279 221221 257257 216219 249249 526523 224224 177177 240240 307311 263263 265265 163163 279279 220220 214214 304304 340340 227239 293295 252252 190190 176176 542539 338358 224224
6   259257 221221 257257 216219      0 523526 224224 177177 240240 309311 263263 265265 163163 279279 220220 214214 304304 340340 235241 293295 274274 190190 172172 539542 340352 224224
6   257259 221241 257257 219222 249249 523535 224224 177177 240240 307307 263263 265265 163163 279279 220220 214214 304304 340340 231249 293293 252252 190190 172172 539539 342342 224224
6   263279 221221 257257 216228 249249 523529 224224 177177 240240 333333 263263 265265 163163 279279 220220 214214 304304 340340 211227 293293 252252 190190 172172 539542 330348 224224
7   257265 221219 257257 219219 249249 523526 224224 177177 240240 307307 263261 265265 163163 279279 220218 214214 304302 340338 217247 293291 252250 190190 172172 539542 338342 224224
7   257257 221221 257257 216219 249249 523526 224224 177177 240240 307307 263263 265265 163157 279279 220220 214214 304304 340340 207251 293293 252252 190190 172172 539542 336344 224224
7   251255 221221 257257 216216 249249 526535 224227 177177 240240 333333 263263 265265 161163 279279 220220 214214 304304 340340 207247 293293 252252 190190 258258 542548 342344 224224
7   259261 221221 257257 216222 249249 523535 224227 177177 240238 307333 263263 265265 163157 279285 220220 214214 304304 340340 231251 293293 252252 190190 258172 539548 330330 224224
7   255275 221221 257257 219219 249249 523535 224224 177177 240240 307311 263263 265265 161163 279279 220220 214214 304304 340340 245247 293293 252252 190190 172176 539548 336340 224227
7   259273 221221 257257 216219 249251 523526 224224 177177 240240 307309 263263 265265 163163 279279 220220 214214 304304 340340 225243 293293 252254 190190 172176 539542 348360 224224
7   263275 221221 257257 216219 249249 535526 224224 177177 240242 307307 263263 265262 163163 279279 220220 214214 304304 340340 239247 293293 252252 190190 172172 539542 340342 224224
7   253261 221221 257257 216219 249249 523526 224227 177177 240240 307307 263263 265265 163163 279279 220220 214214 304304 340340 211229 293293 252252 190190 172176 542539 332334 224224
7   257269 221221 257257 219222 249249 535526 224224 177174 240240 309309 263263 265265 163163 279279 220220 214214 304304 340340 227227 293293 252252 190190 172258      0 336338 224224
7   261263 221227 257257 216219 249249 523535 224224 177177 240240 307307 263263 265265 163163 279279 220220 214214 304304 340340 227229 293293 252252 190190 176258 539548 332342 224224
7   259271 221225 257257 216222 249249 523535 224224 177177 240240 307333 263263 265262 163157 279279 220220 214214 304304 340340 209229 293293 252252 190190 172172 542548 328346 224224
7   253259 221221 257257 216219 249249 526535 224224 177177 240240 309309 263263 265265 161163 279279 220220 214214 304304 340340 219251 293293 252252 190190 172172 542542 344346 224224
7   259261 221221 257257 216219 249249 523535 224224 177177 240240 309333 263263 265265 163163 279279 220220 214214 304304 340340 217241 293293 252252 190190 258258 539548 338348 224224
7   251251 221221 257257 225228 249249 526535 224224 177177 240240 307307 263263 265265 163163 279279 220220 214214 304304 340340 229231 293293 252252 190190 172258 542548 330334 224224
7   277279 221221 257257 216219 249251 523535 224227 177177 240240 307309 263263 265265 163157 279279 220220 214214 304304 340340 223241 293293 252254 190190 258258 539548 336346 224224
8   263263 221221 257257 213222 249249 535535 224224 177177 240240 307307 263261 265265 163161 279279 220220 214214 304304 340340 213243 293293 252252 190190 258176 548548 340346 224224
8   263267 221221 257257 222222 249249 556556 224224 177177 240240 307307 263261 265265 163161 279279 220220 214214 304304 340340 227243 293293 252252 190190 172258 545569 336342 224224
8   259271 221213 257248 219222 249249 556535 224227 177177 240230 315333 263261 265265 163163 279279 220220 214214 304292 340340 219239 293281 252242 190190 172172 569569 338342 224224
8   251269 221221 257257 219219 249251 526526 224224 177177 240240 307307 263263 265265 163161 279279 220220 214214 304304 340340 227227 293293 252254 190196 258258 539539 336336 224224
8   249263 221221 257257 213222 249251 526535 224224 177177 240240 307309 263263 265265 163161 279279 220220 214214 304304 340340 213221 293293 252254 190190 172172 542548 342348 224224
8   259247 221221 257257 213219 249249 526556 224224 177177 240240 307309 263263 265265 163161 279285 220220 214214 304304 340340 209225 293293 252252 190190 172172 542548 340348 224224
8   263265 221215 257248 210213 249251 526556 224224 177177 240240 307309 263263 265265 163157 279279 220220 214214 304304 340340 213219 293283 252254 190190 172176 569548 330342 224224
8   253259 221225 257257 210225 249251 553553 224224 177177 240240 307311 263261 265265 163163 279279 220220 214214 304304 340340 213217 293293 252254 190190 176176 560560 342344 224224
8   263273 221221 257257 222225 249249 526556 224224 177177 240240 307309 263261 265265 163157 279279 220220 214214 304304 340340 225227 293293 252252 190190 172172 542548 344348 224224
8   255267 221221 257257 219219 249249 526535 224224 177177 240240 309315 263261 265265 161163 279279 220220 214214 304304 340340 213227 293293 252252 190190 172258 542548 342342 224224
8   253257 221225 257257 219219 249249 526535 224224 177177 240240 307307 263261 265265 163161 279279 220220 214214 304304 340340 223225 293293 252252 190190 172176 536542 340346 224224
8   255271 221221 257257 213219 249251 526535 224224 177198 240240 307309 263263 265265 163161 279279 220220 214214 304304 340340 219225 293293 252254 190190 172258 542548 340348 224224
8   253265 221225 257257 219222 249249 553553 224224 177177 240240 307307 263261 265265 161163 279279 220220 214214 304304 340340 209241 293293 252252 190190 176258 569575 336338 224224
8   263271 221221 257257 219222 249249 526535 224224 177198 240240 309309 263261 265265 161161 279279 220220 214214 304304 340340 225241 293293 252252 190190 258258 542548 338346 224224
8   249265 221225 257257 219219 249251 526535 224224 177177 240240 309309 263263 265265 163161 279279 220220 214214 304304 340340 211223 293293 252254 190190 172172 542548 336340 224224
8   265269 221221 257257 213219 249249 535556 224224 177177 240240 307307 263261 265265 163161 279279 220220 214214 304304 340340 213241 293293 252252 190190 172176 548569 340348 224224
8   265271 221221 257257 219222 249249 556556 224224 177177 240240 307307 263263 265265 163161 279279 220220 214214 304304 340340 219219 293293 252252 190190 258258 575575 346348 224224
8   257261 221241 257257 219222 249249 526535 224224 177177 240240 309309 263261 265265 163163 279279 220220 214214 304304 340340 221221 293293 252254 190196 172172 542548 336356 224233
8   253277 221221 257257 219225 249249 526535 224224 177177 240240 311307 263263 265265 163163 279279 220220 214214 304304 340340 213219 293293 252252 190190 172258 542548 348348 224224
8   253253 221211 257257 222225 249249 526535 224224 177177 240240 309307 263263 265265 163163 279279 220220 214214 304304 340340 219219 293293 252252 190196 172172 542548 338348 224224
9   267267 221221 257257 219222 249249 523535 224224 177177 240240 307311 263263 265262 165163 279279 220220 214214 304304 340340 225225 293293 252252 190190 172258 542542 332340 224224
9   255263 221227 257257 219222 249249 532535 224224 177177 240240 307309 263263 265265 165159 279279 220220 214214 304304 340340 219227 293293 252252 190190 258258 542548 334346 224224
9   273275 221221 257257 219222 249249 526535 224224 177177 240240 307307 263263 265265 163225 279279 220220 214214 304304 340340 225227 293293 252252 190190 250258 542548 332334 224224
9   257269 221221 257257 216225 249249 535523 224224 177177 240240 307309 263263 265262 165159 279279 220220 214214 304304 340340 207229 293293 252252 190190 172172 539548 332336 224224
9   249259 221221 257257 219222 249249 526535 224224 177177 240240 309311 263263 262262 165163 279279 220220 214214 304304 340340 225225 293293 252252 190190 172172 542548 332344 224224
9   269273 221221 257257 219219 249249 514523 224224 177177 240240 307307 263263 265265 165163 279282 220220 214214 304304 340340 225225 293293 252252 190190 250260 542548 334342 224224
9   273275 221221 257257 219222 249249 526529 224224 177177 240240 307307 263263 265265 163225 279279 220220 214214 304304 340340 225227 293293 252252 190190 250258 542548 332334 224224
9   269269 221217 257257 219225 249249 523517 224224 177177 240240 307309 263263 265265 165163 279279 220220 214214 304304 340332 231239 293287 252252 190190 172172 542548 332344 224224
9   263269 221221 257257 216225 249249 523535 224224 177177 240240 307307 263263 265262 165165 279279 220220 214214 304304 340340 219225 293293 252252 190190 172172 536548 334338 224227
9   261269 221221 257257 216219 249249 526535 224224 177177 240240 307311 263263 265265 165159 279279 220220 214214 304304 340340 205227 293293 252252 190190 258258 542548 336344 224224
9   261273 221227 257257 219222 249249 535535 224224 177177 240240 307313 263263 262262 165165 279279 220220 214214 304304 340340 225231 293293 252254 190190 172258 548548 332342 224224
9   255273 221221 257257 219222 249249 520529 224224 177177 240240 307307 263263 265262 165169 279279 220220 214214 304304 340340 207225 293293 252252 190190 258258 542548 332346 224224
9   265273 221221 257257 222222 249249 526535 224224 177177 240240 307307 263263 265262 165159 279279 220220 214214 304304 340340 215225 293293 252252 190190 172258 542548 332332 224224
9   257265 221221 257257 219219 249249 538541 224224 177177 240240 307307 263263 265265 159225 279279 220220 214214 304304 340340 201211 293293 252252 190190 258258 542551      0 224224
9   263265 221221 257257 216219 249249 523535 224224 177177 240240 307307 263261 265262 165163 279279 220220 214214 304304 340340 225225 293293 252252 190193 172176 539548 330346 224224
9   265271 221221 257257 216222 249249 523547 224224 177177 240240 307307 263263 265262 165165 279279 220220 214214 304304 340340 219225 293293 252252 190193 172258 539560 330332 224227
9   259259 221221 257257 216216 249249 535535 224224 177177 240240 307309 263263 265262 165165 279279 220220 214214 304304 340340 225227 293293 252252 190193 172166 548548 330336 224227
9   249257 221221 257257 216222 249249 523523 224224 177177 240240 307307 263263 265265 165169 279279 220220 214214 304304 340340 225229 293293 252252 190190 172172 539542 330332 224224
9   271277 221221 257257 222225 249249 529535 224224 177177 240240 307307 263263 262262 165159 279279 220220 214214 304304 340340 225227 293293 252252 190190 172258 542548 332334 224224
9   255267 221241 257257 219222 249249 526535 224224 177177 240240 307307 263263 265262 165165 279279 220220 214214 304304 340340 221227 293293 252252 190190 258258 542548 332346 224224
9   249271 221221 257257 219222 249249 529535 224224 177177 240240 307307 263263 262262 163169 279279 220220 214214 304304 340340 225225 293293 252252 190190 172172 542548 332342 224224
9   255261 221221 257257 210219 249249 523535 224224 177177 240240 307307 263263 262262 163225 279279 220220 214214 304304 340340 225227 293293 252252 190190 258258 539548 330350 224224
9   259265 221227 257257 222225 249249 535526 224224 177177 240240 307307 263263 262262 165159 279279 220220 214214 304304 340340 225227 293293 252252 190190 172250 539542 332334 224224
9   259265 221227 257257 222225 249249 526535 224224 177177 240240 307307 263263 262262 165159 279279 220220 214214 304304 340340 225227 293293 252252 190190 172250 542539 332334 224224
9   255267 221221 257257 219222 249249 535526 224224 177177 240240 307307 263263 265262 165159 279279 220220 214214 304304 340340 207225 293293 252252 190190 258172 539542 334352 224224
9   267271 221221 257257 219219 249249 532523 224224 177177 238240 307307 263263 265262 165159 279279 220220 214214 304304 340340 227239 293293 252252 190190 172258 539548 344344 224224
9   259267 221221 257257 222225 251249 526535 224224 177177 240240 307307 263263 262262 165169 279279 220220 214214 304304 340340 225225 293293 254252 190190 172250 542548 332334 224224
10   249249 221221 257257 222222 249249 523523 224224 177177 240240 307311 263263 265262 165165 279279 220220 214214 304304 340340 225225 293293 252252 190190 172172 542542 334334      0
10   259265 221221 257257 222216 249249 532529 224224 177177 240240 307307 263263 265262 165165 279282 220220 214214 304304 340340 225231 293293 252252 190190 250250 542548 334332 224224
10   265273 221221 257257 225222 249249 523526 224224 177177 240240 309313 263263 262262 163165 279279 220220 214214 304304 340332 217243 293293 252252 190190 258258 542548 334358 224224
10   261267 221221 257257 216222 249249 523523 224224 177177 240240 309311 263263 265262 165159 279279 220220 214214 304304 340340 225227 293293 252254 190190 258258 542539 330332 224224
10   269269 221221 257257 216225 249251 526520 224224 177177 240240 307311 263247 265262 165159 282282 220220 214214 304304 340318 225227 293293 252254 190190 258172 542542 332336 224224
10   267277 221221 257257 222225 249249 523526 224224 177177 240240 311313 263263 265262 165165 279279 220220 214214 304304 340340 213227 293293 252252 190190 258172 542542 330334 224224
10   263273 221221 257257 216225 249249 523526 224224 177177 240240 309309 263263 265262 165165 279279 220220 214214 304304 340340 225229 293293 252252 190190 258258 542539 330332 224224
10   249263 221221 257257 222222 249249 523523 224224 177177 240240 307307 263263 262262 165169 279279 220220 214214 304304 340340 225227 293293 252252 190190 258258 542548 332334 224224
10   249253 221221 257257 222222 249249 523523 224224 177177 240240 307307 263263 262262 163165 279279 220220 214214 304304 340340 225229 293293 252252 190190 258172 539539 332332 224224
10   259259 221221 257257 216222 249249 523538 224224 177177 238238 307307 263263 265265 165165 279282 220220 214214 304304 340340 225229 293293 252254 190190 258258 548539 328340 224227
10   253261 221221 257257 219216 249249 523523 224224 177177 240240 307307 263263 265262 163165 279279 220220 214214 304304 340340 225231 293293 252254 190172 172172 539542 342342 224224
10   249249 221221 257257 222222 249249 523523 224224 177177 240240 309311 263263 262262 163165 279279 220220 214214 304304 340324 225227 293293 252252 190190 258172 548539 332332 224224
10   251277 221221 257257 222222 249249 523523 224224 177177 240240 307311 263263 265262 165165 279279 220220 214214 304304 340340 225225 293293 252252 190190 250172 539548 334332 224224
10   253259 221221 257257 216222 249249 547547 224224 177177 240240 307307 263263 265262 165165 279279 220220 214214 304304 340340 225227 293293 252252 190190 258258      0 334334 224224
10   259273 221221 257257 216222 249249 526535 224224 177177 240240 307307 263263 262262 165165 279279 220220 214214 304304 340340 227227 293293 252252 190190 258258 542548 332334 224224
10   257259 221241 257257 216219 249249 523535 224224 177177 240240 307307 263263 262262 165165 279279 220220 214214 304304 340340 229231 293293 252252 190190 172172 539548 332334 224224
10   259273 221221 257257 216216 249249 541553 224224 177177 240240 307307 263263 262262 165165 279279 220220 214214 304304 340340 225227 293293 252252 190190 258172 539542 330334 224224
10   249263 221221 257257 222222 249249 523535 224224 177177 240228 307307 263263 262265 165165 279279 220220 214214 304304 340340 225227 293293 252252 190190 172172 539548 332332 224224
10   249271 221221 257257 216222 249249 523535 224224 177177 240228 307311 263263 262262 165165 279279 220220 214214 304304 340340 213225 293293 252252 190190 258172 542548 332334 224224
10   259269 221241 257257 222222 249249 526535 224224 177177 240228 307311 263263 262265 165165 279279 220220 214214 304304 340340 225225 293293 252254 190190 172172 548539 332332 224224
11   249269 221221 257257 222222 249249 523535 224224 177177 240240 307307 263263 265262 165165 279279 220220 214214 304304 340340 227233 293293 252252 190190 172258 539548 330332      0
11   261277 221221 257257 225222 249249 526535 224224 177177 240240 307309 263263 262262 165165 279279 220220 214214 304304 340340 223231 293293 252252 190190 172258 542548 332334 224224
11   251269 221221 257257 222222 249249 523523 224224 177177 240240 307307 263263 265262 163165 279279 220220 214214 304304 340340 205225 293293 252252 190190 172172 539548 334334 224224
11   249265 221221 257257 216222 249249 526535 224224 177171 240240 307307 263263 265262 165165 279279 220220 214214 304304 340340 225225 293293 252252 190190 258172 542548 332338 224224
11   263277 221221 257257 222222 249249 526535 224224 177177 240240 307307 263263 265262 165165 279279 220220 214214 304304 340340 227227 293293 252252 190190 172172 542542 332334 224224
11   265265 221221 257257 225222 249249 523541 224224 177177 240248 307307 263263 265265 165159 279279 220220 214214 304304 340340 225229 293293 252252 190190 258258 539539 332338      0
11   271281 221221 257257 222222 249249 532532 224224 177177 240240 307307 263263 265262 165165 279279 220220 214214 304304 340340 223225 293293 252252 190190 172172 548548 332332 224224
11   253271 221221 257257 216219 249249 526535 224224 177177 240240 307307 263263 265265 165165 279279 220220 214214 304304 340340 223231 293293 252252 190190 258172 542542 330344 224224
11   255271 221221 257257 222222 249249 523529 224224 177177 240240 309311 263263 265262 163165 279279 220220 214214 304304 340332 225227 293293 252252 190190 258258 542539 332332 224224
11   265271 221221 257257 225222 249249 523523 224224 177177 240240 307311 263263 265265 165225 279282 220220 214214 304304 340330 203227 293293 252252 190190 258258 539542 332332 224224
11   255259 221227 257257 222225 249251 526535 224224 177177 240240 307307 263263 265265 165225 279279 220220 214214 304304 340340 225231 293293 252254 190190 258258 542548 334342 224224
11   263271 221227 257257 216222 249251 547547 224224 177177 240240 307307 263263 262262 165225 279279 220220 214214 304304 340340 213225 293293 252254 190190 258258 548548 330332 224224
11   267267 221221 257257 216219 249249 523547 224224 177177 240240 307311 263263 265265 165165 279279 220220 214214 304304 340340 227229 293293 252252 190190 172258 560560 342342 224224
11   263271 221221 257257 219225 251251 523523 224224 177177 240240 307307 263263 265262 163165 279279 220220 214214 304304 340340 223225 293293 254254 190190 258258 539542 332342 224224
12   275275 227213 257257 219219 249249      0 224224 177177 236236 307307 263263 265265 159165 279279 220220 214214 304304 340340 225231 293293 252252 190190 258258 539539 330330 224224
12   261275 221221 257257 222222 249249 523523 224224 177177 240240 307307 263263 265265 165225 279279 220220 214214 304304 340340 227231 293293 252252 190190 172258 539542 332332 224224
12   271265 221221 257257 222225 249249 523523 224224 177177 240240 307307 263263 262262 165163 279279 220220 214214 304304 340328 225217 293293 252252 190190 258258 539539 332332 224224
12   263263 221221 257266 228228 249249      0 224224 177177 240240 307307 263263 265265 159159 279282 220220 214214 304304      0 225225 293293 252252 190190 172258 539539 330330 224224
12   259265 221221 257257 219222 249249 526544 224224 177177 240240 307307 263263 265262 163163 279282 220220 214214 304304 340340 225225 293293 252252 190190 258258 542548 332334 224224
12   249263 221221 257257 216219 249249 523544 224224 177177 240240 307307 263263 265262 165153 279279 220220 214214 304304 340340 225227 293293 252252 190190 258258 539548 330340 224224
12   271271 221221 257257 222225 249249 523523 224224 177177 240240 307307 263263 265262 163165 279279 220220 214214 304304 340340 225225 293293 252252 190190 258250 539539 332334 224224
12   249263 221241 257257 225219 249249 523535 224224 177177 240240 307307 263263 262262 163165 279279 220220 214214 304304 340340 225227 293293 252252 190190 258258 539548 332340 224224
13   259259 221221 257257 216222 249249 523535 224224 177177 240240 307307 263263 265265 165165 279282 220220 214214 304300 340340 225229 293293 252252 190190 172172 548548 332334 224224
13   259265 221221 257257 216222 249249 526535 224224 177177 240240 307307 263263 265262 165163 279279 220220 214214 304304 340340 225227 293293 252252 190190 172172 542542 332334 224224
13   259265 221221 257257 219225 249249 523535 224224 177177 240240 307307 263263 265262 165165 279279 220220 214214 304304 340340 225225 293293 252252      0 172172 539539 332342 224224
13   253259 221221 257257 216219 249251 526535 224224 177177 240240 307307 263263 262262 165165 279282 220220 214214 304304 340340 225225 293293 252254 190190 172172 542548 336342 224224
13   253263 221221 257260 216222 249249 523526 224224 177177 240240 307311 263263 262262 165159 279282 220220 214214 304304 340340 225225 293293 252252 190190 172258 539542 332336 224224
13   251253 221221 257257 216219 249251 526535 224224 177177 240240 307311 263263 262262 165165 279282 220220 214214 304304 340340 227225 293293 252254 190190 250172 542542 336342 224224
13   253267 221221 257257 216219 249249 523526 224224 177177 240240 307307 263263 262262 165165 279282 220220 214214 304304 340340 225227 293293 252252 190190 172172 539542 336346 224224
13   253265 221221 257257 216222 249249 526535 224224 177177 240240 307307 263263 265265 165159 279279 220220 214214 304304 340340 225225 293293 252252 190190 172172 542542 330334 224212
13   253269 221241 257257 228228 249251 526535 224224 177177 240240 311313 263263 262262 165165 282282 220220 214214 304304 340340 225227 293293 252254 190190 172172 542542 332332 224224
14   265265 221221 257257 222222 249251 529538 224224 177177 240240 307307 263263 265265 165163 279279 220220 214214 304304 340340 225227 293293 252254 190190 172258 542548 332344 224224
14   265265 221221 257257 222222 249251 526535 224224 177198 240240 307307 263263 265265 165165 279279 220220 214214 304304 340340 225227 293293 252254 190190 258258 542548 332332 224224
14   255249 221227 257257 222225 249251 526535 224224 177177 240240 307307 263263 265265 165165 279279 220220 214214 304304 340340 219225 293293 252254 190190 172258      0 332334 224224
14   265265 221221 257257 222222 249251 526535 224224 177177 240240 309309 263263 265265 165165 279279 220220 214214 304304 340340 225227 293293 252254 190190 258258 542542 332332 224224
14   265279 221221 257257 222219 249249 523526 224224 177177 240240 307311 263263 265262 165165 279279 220220 214214 304304 340340 211223 293293 252252 190190 258258 542548 332334 224224
14   261261 221221 257257 219222 249249 526535 224224 177177 240240 311311 263263 262262 165163 279279 220220 214214 304304 340340 225227 293293 252252 190190 172258      0 332344 224224
14   265265 221221 257257 222222 249251 526535 224224 177177 240240 307307 263263 265265 165169 279279 220220 214214 304304 340340 225227 293293 252254 190190 258258 542548 332332 224224
14   249255 221227 257257 222225 249251 526535 224224 177177 240240 307307 263263 265265 165165 279279 220220 214214 304304 340340 219225 293293 252254 190190 172258 542548 332334 224224
14   265265 221221 257257 222222 249251 526535 224224 177177 240240 307307 263263 265265 165165 279279 220220 214214 304304 340340 225227 293293 252254 190190 258258 542548 332332 224224
14   251265 221221 257257 225222 249251 523535 224224 177177 240240 307307 263263 265262 165159 279279 220220 214214 304304 340340 225235 293293 252254 190190 172250 563575 332332 224224
14   251265 221221 257257 225225 249251 523535 224224 177177 240240 307309 263263 265262 165159 279279 220220 214214 304304 340340 225235 293293 252254 190190 172250 539548 332332 224224
14   251265 221221 257257 225222 249251 523535 224224 177177 240240 307307 263263 265262 165159 279279 220220 214214 304304 340340 225235 293293 252254 190190 172250 539548 332332 224224
14   263271 221221 257257 222225 249251 523535 224224 177177 240240 311313 263263 265265 165165 279279 220220 214214 304304 340340 225227 293293 252254 190190 172172 539548 334334 224227
14   251265 221221 257257 225225 249251 523535 224224 177177 240240 307309 263263 265262 165159 279279 220220 214214 304304 340340 225235 293293 252254 190190 172250 539548 332332 224224
14   265265 221221 257257 222222 249249 526535 224224 177177 240240 307307 263263 265265 165165 279279 220220 214214 304304 340340 225227 293293 252254 190190 258258 542548 332332 224224
14   265265 221221 257257 222222 249249 526535 224224 177177 240240 307309 263263 265265 165165 279279 220220 214214 304304 340340 225227 293293 252254 190190 258258 542548 332332 224224
14   263267 221221 257257 219222 249249 526535 224224 177177 240240 307311 263263 265265 165163 279279 220220 214214 304304 340340 225225 293293 252252 190190 172172 542548 332332 224224
14   261265 221227 257257 216225 249249 523535 224224 177177 240240 307311 263263 265265 165165 279279 220220 214214 304304 340340 215241 293293 252252 190190 172172 539542 330344 224227
14   261273 221241 257257 225225 249249 523535 224224 177177 240240 307307 263263 265262 165165 279279 220220 214214 304304 340340 213213 293293 252252 190190 258172 539548 332334 224224
14   265265 221221 257257 222222 249249 526535 224224 177177 240240 309301 263263 265265 165165 279279 220220 214214 304304 340340 225227 293293 252254 190190 258258 542548 332332 224218
14   263271 221221 257257 222222 249249 523535 224224 177177 240240 309311 263263 265265 165165 279279 220220 214214 304304 340340 225227 293293 252254 190190 172172 539548 334334 224227
15   259259 221221 257257 219225 249247 526535 224224 177177 240240 307307 263263 265262 165159 279279 220220 214214 304304 340340 223231 293293 252252 190190 172258 542542 332342 224224
15   247275 221221 257257 225225 249249 526535 224224 177177 240240 307307 263263 262262 165159 279279 220220 214214 304304 340340 217231 293293 252252 190190 172258 542548 332332 224224
15   247259 221221 257257 216225 249249 523523 224224 177177 240240 307307 263263 265262 165225 279279 220220 214214 304304 340340 223231 293293 252252 190190 172172 539539 332336 224224
15   263275 221219 257257 222225 249249      0 224224 177177 240240 307307 263263 262262 163163 279279 220220 214214 304304 340340 223217 293293 252252 190187 172250 542542 332332 224224
15   259259 221221 257257 219225 249249 526535 224224 177177 240240 307307 263263 265262 163165 279279 220220 214214 304304 340340 223217 293293 252252 190181 172172 542548 332342 224224
15   259269 221221 257257 225225 249249 526535 224224 177177 240240 307307 263259 265262 163165 279279 220220 214214 304304 340334 231231 293293 252252 190190 172172 542548 332332 224224
15   259259 221221 257257 219225 249249 523523 224224 177177 240240 307307 263263 262262 163165 279279 220220 214214 304304 340340 231231 293293 252254 190190 172258 539539 332342 224224
15   259269 221221 257257 225225 249249 523526 224224 177177 240240 307307 263263 265262 163165 279279 220220 214214 304304 340340 223223 293293 252252 190190 258258 542539 332332 224224
15   269269 221221 257257 219222 249249 526535 224224 177177 240240 307307 263263 262262 163165 279279 220220 214214 304304 340340 227217 293293 252252 190190 172172 542548 340332 224224
16   255255 221219 257257 216222 249249 526535 224224 177177 240240 307299 263263 265262 165165 279279 220220 214214 304304 340340 225223 293293 252252 190190 174258 542548 330334 224224
16   255269 219215 257257 222222 249249 526535 224224 177177 240240 307307 263263 262262 165165 279279 220220 214214 304304 340338 223223 293293 252252 190190 258258 542548 332334 224224
16   249253 221219 257257 219225 249249 526535 224224 177177 240240 307307 263263 265262 163163 279279 220220 214214 304304 340340 223223 293293 252252 190190 258258 542548 332346 224224
16   255263 221221 257257 222219 249249 526523 224224 177177 240240 307307 263263 265265 165163 279276 220220 214214 304304 340340 223217 293293 252252 190190 172258 539542 332346 224224
16   255277 221221 257248 219225 249249 526535 224224 177177 240240 307303 263255 265265 165159 279279 220220 214214 304294 340340 223217 293283 252244 190190 258258 542548 318324 224224
16   259269 221221 257257 222222 249249 526535 224224 177177 240240 307307 263263 262262 165165 279279 220220 214214 304304 340340 217245 293293 252252 190190 258258 539542 332334 224224
16   253263 221219 257257 219222 249249 526535 224224 177177 240240 307307 263263 262265 165159 279279 220220 214214 304304 340340 227227 293293 252252 190190 258258 542542 332344 224224
16   249269 221221 257257 222222 249249 526535 224224 177177 240240 311311 263263 265262 165165 279279 220220 214214 304304 340340 227247 293293 252242 190190 258258 542548 332338 224224
16   255257 221219 257257 216219 249249 526535 224224 177177 240240 307307 263263 265262 165165 279279 220220 214214 304304 340340 223247 293293 252252 190190 258172 542542 330338 224224
16   251251 221221 257257 222222 249249 526535 224224 177177 240240 307307 263263 265265 165165 279279 220220 214214 304304 340340 223223 293293 252252 190190 250250 539548 332338 224224
16   255269 221221 257257 219222 249249 523523 224224 177177 240240 307313 263263 265265 165165 279279 220220 214214 304304 340340 227227 293293 252252 190190 258258 539542 338340 224224
16   249255 221221 257257 219222 249249 526535 224224 177177 240240 307307 263263 265262 165165 279279 220220 214214 304304 340340 223223 293293 252252 190190 258258 542548 336344 224224
16   263271 227219 257257 219219 249249 526535 224224 177177 240240 307307 263263 265262 165165 279279 220220 214214 304304 340340 223223 293293 252252 190190 258172 542545 346346 224224
16   251259 221221 257257 219222 249249 529535 224224 177177 240240 307307 263263 265265 165165 279279 220220 214214 304304 340340 231223 293293 252252 190190 172258 542548 332336 224227
16   273275 221221 257257 216216 249249 523535 224224 177177 240240 307311 263263 265262 165163 279279 220220 214214 304304 340340 223231 293293 252252 190190 258258 539542 330336 224224
16   249253 221221 257257 222225 249249 526535 224224 177177 240240 307311 263263 265265 165159 279279 220220 214214 304304 340340 227247 293293 252252 190190 258258 542548 332342 224224
16   249263 221219 257257 219222 249249 526526 224224 177177 240240 307307 263263 265262 165159 279279 220220 214214 304304 340340 223223 293293 252252 190196 258172 539539 332346 224224
16   249253 221221 257263 222225 249249 526535 224224 177177 240240 307307 263263 265265 165159 279279 220220 214214 304304 340340 227247 293293 252252 190190 258258 542548 332342 224224
16   263263 221221 257257 219225 249249 526535 224224 177177 240240 307307 263263 265265 165165 279279 220220 214214 304304 340340 225223 293293 252254 190190 172172 542548 330338 224227
16   251255 221221 257257 219225 249249 526529 224224 177177 240240 307307 263263 265262 165165 279279 220220 214214 304304 340340 225223 293293 252252 190190 258172 542548 332336 224227
16   255255 221227 257257 222225 249249 523523 224224 177177 240240 307307 263263 262262 165165 279279 220220 214216 304308 340340 225223 293293 252254 190190 258172 539542 332334 224227
16   255261 221221 257257 219222 249249 526535 224224 177177 240240 307311 263263 265265 165225 279279 220220 214214 304304 340340 223223 293293 252252 190190 250250 542542 336338 224224
17   255269 221221 257257 219225 249251 526526 224224 177177 240240 307307 263263 265265 163165 279279 220220 214214 304304 340340 219247 293311 252254 190190 258258 542542 332344 224224
17   253263 221221 257257 225225 251251 526535 224224 177177 240240 307313 263263 265262 163165 279279 220220 214214 304304 340340 209243 293293 254254 190190 172172 542542 332334 224224
17   269269 221221 257257 222225 249251 523523 224224 177177 240240 307307 263263 265265 165159 279279 220220 214214 304304 340340 227227 293293 252254 190190 250250 539545 332352 224224
17   269271 221221 257257 222225 249249 526526 224224 177177 240240 307307 263263 265265 165225 279279 220220 214214 304304 340330 229233 293311 252252 190190 172258 542542 330352 224224
17   261271 221221 257257 225225 249251 532550 224224 177177 240240 307307 263263 265265 163165 279279 220220 214214 304304 340340 229239 293311 252254 190190 250258 548563 332334 224224
17   253269 221217 257257 222225 251251 526526 224224 177177 240240 309313 263263 265265 159165 279279 220220 214214 304304 340340 209227 293293 252254 190187 258258 545542 332332 224224
17   255261 221215 257257 225225 249251 532550 224224 177177 240240 307307 263263 265265 163165 279279 220220 214214 304304 340340 227239 293311 252254 190190 250258 548563 332334 224224
17   253269 221215 257257 222225 251251 526526 224224 177177 240240 309313 263263 265265 165159 279279 220220 214214 304304 340340 209227 293293 254254 190187 258258 545542 332332 224224
17   253263 221221 257257 216225 249249 526544 224224 177177 240240 307309 263263 265265 165165 279279 220220 214214 304304 340340 219233 293293 252252 190190 172250 542542 332334 224224
17   253257 221221 257257 225225 251251 523523 224224 177177 240240 307307 263259 265265 225225 279279 220220 214214 304304 340336 213233 293293 254254 190190 172250 539539 332332 224221
17   269279 221221 257257 222225 251251 523523 224224 177177 240240 307307 263263 265265 165163 279279 220220 214214 304304 340338 227239 293293 254254 190187 250172 539542 332352 224221
17   261261 221221 257257 222225 251251 526529 224224 177177 240240 307307 263263 265265 165159 279279 220220 214214 304304 340340 227227 293293 254254 190190 258258 542545 332332 224224
17   263269 221221 257257 222225 251251 526526 224224 177177 240240 307307 263263 265265 165159 279279 220220 214214 304304 340340 209233 293293 254254 190190 250250 542542 332332 224221
17   267267 221221 257257 219225 251251 526541 224224 177177 240240 307307 263263 265262 165159 279279 220220 214214 304304 340340 227245 293293 254254 190190 250258 542542 330340 224224
17   269277 221221 257257 219225 249251 526535 224224 177177 240240 309307 263263 265265 165165 279282 220220 214214 304304 340340 213229 293293 252254 190190 250172 539542 330336 224227
17   257257 221221 257257 225225 249251 523535 224224 177177 242238 307309 263263 265265 165165 279279 220220 214218 304304 340340 213239 293293 254254 190190 250258 539545 330332 221227
17   253257 221221 257257 225225 249251 523535 224224 177177 240242 307309 263263 265262 165159 279279 220220 214214 304304 340340 213233 293293 254254 190190 172250 539548 332332 224221
17   263269 221221 257257 222225 249251 523523 224224 177177 240228 307307 263263 265265 165159 279279 220220 214214 304304 340340 209233 293293 254254 190190 250250 539539 332332 224221
17   245269 221221 257257 222222 249251 523529 224224 177177 240228 307307 263263 265265 165165 279279 220220 214214 304304 340340 233245 293293 252254 190190 250250 545539 332332 224224
17   245269 221221 257257 222222 249251 526535 224224 177177 240228 307307 263263 265265 165165 279279 220220 214214 304304 340340 227229 293293 254254 190190 250172 542548 344352 224224
17   253269 221241 257257 225228 249251 526535 224224 177177 240240 307307 263263 265265 165165 279279 220220 214214 304304 340340 227233 293293 252254 190190 172258 542548 330330 224224
17   253263 221221 257257 225225 249251 526535 224224 177177 242228 307307 263263 262265 165165 279279 220220 214214 304304 340340 209243 293293 254254 190190 172172 542548 332334 224224
17   261263 221221 257257 222225 249251 523535 224224 177177 240240 307307 263263 265265 165163 279279 220220 214214 304304 340340 209229 293293 254254 190190 250172 539542 334352 224224
17   269269 221221 257257 222219 249251 526535 224224 177177 240240 307309 263263 265265 165163 279279 220220 214214 304304 340340 209247 293293 254254 190190 258172 542548 352342 224224
17   255255 221221 257257 219225 249251 526535 224224 177177 240240 307307 263263 265265 165163 279279 220220 214214 304304 340340 219247 293311 252254 190190 258258 539539 332342 224224
17   269277 221221 257257 222225 249251 523526 224224 177177 240228 307307 263263 265265 165163 279279 220216 214214 304304 340340 227239 293293 254254 190190 250250 539542 332352 224221
17   255261 221221 257257 225225 249251 550532 224224 177177 240240 307307 263263 265265 165163 279279 220220 214214 304304 340340 227239 293311 252254 190190 250258 563548 332334 224224
17   253263 221221 257257 216225 249249 526535 224224 177177 240240 307307 263263 265265 165165 279279 220220 214214 304304 340340 219233 293293 252252 190190 172250 542548 332334 224224
17   261269 221221 257257 222222 249251 526535 224224 177177      0 307309 263263 265265 165159 279279 220220 214214 304304 340340 227227 293293 252254 190190 172172 542539 332332 224224
17   255255 221221 257257 222225 249251 523523 224224 177177 240228 307309 263263 265265 165163 279279 220220 214214 304304 340340 229247 293293 252254 190190 250172 539539 330344 224224
17   257257 221221 257257 219222 249251 523523 224224 177177 240238 313313 263263 265265 165165 279282 220220 214214 304304 340340 229233 293293 252254 190190 250258 539539 332344 224227
18   257265 221221 257257 219222 249251 523529 224224 177177 240240 307309 263263 265265 165159 279279 220220 214214 304304 340340 221221 293295 252254 190190 258258 545539 340350 224224
18   247255 221201 257257 219219 249249      0 224227 177177 240240 309309 263263 265265 165217 279276 220220 214214 304304 340340 221221 293293 252252 190190 250258 539539 340346      0
18   257257 221221 257257 219219 251251 523535 224224 177177 240240 309309 263263 265265 165159 279279 220220 214214 304304 340340 221211 293295 254254 190190 172258 539539 340346 224224
18   265271 221221 257257 219222 249251 523526 224224 177177 240240 309309 263263 265265 165163 279279 220220 214214 304304 340340 221227 293293 252254 190190 174258 539539 342346 224224
18   253275 221221 257257 219219 251251 526535 224224 177177 240240 307309 263263 265265 165159 279285 220220 214214 304304 340340 221227 293295 254254 190190 250250 542548 336346 224224
18   265269 221221 257257 219219 251251 526529 224224 177177 240240 307309 263263 265265 165159 279279 220220 214214 304304 340340 221227 293293 254254 190190 258258 542545 340346 224224
18   261269 221221 257257 219222 249251 526526 224224 177177 240240 309309 263263 265265 165159 279279 220220 214214 304304 340340 221221 293293 252254 190190 174258      0 346354 224224
18   253267 221221 257257 219228 249251 523529 224224 177177 240240 307311 263263 265265 165159 279285 220220 214214 304304 340340 221229 293293 252254 190190 174250 539545 338338 224224
18   269271 221221 257257 219222 251251 523529 224224 177177 240240 307309 263263 265265 165159 279285 220220 214214 304304 340340 221221 293293 254254 190190 174172 539545 344346 224224
18   265281 221221 257257 222225 251251 526535 224224 177177 240240 307307 263263 265265 165225 279279 220220 214214 304304 340340 221231 293293 254254 190190 174250 542548 332342 224224
18   257267 221221 257257 225228 249249 523523 224224 177177 240240 311311 263263 265265 165159 279279 220220 214214 304304 340340 221227 293293 252252 190190 174250 539539 332338 224224
18   249265 221221 257257 216225 251251 526526 224224 177177 240240 307307 263263 265265 165165 279279 220220 214214 304304 340340 221227 293293 254254 190190 250172 539539 332336 224224
18   263265 221221 257257 219225 251251 526526 224224 177177 240240 307311 263263 265265 165165 279279 220220 214214 304304 340340 227229 293293 254254 190190 250258 539539 336342 224224
18   255255 221221 257257 225225 249251 529526 224224 177177 240240 309309 263263 265265 165225 279285 220220 214214 304304 340340 221221 293293 252254 190190 172250 539545 332350 224224
18   249263 221221 257257 216219 251251 526526 224224 177198 240240 307307 263263 265265 165165 279279 220220 214214 304304 340340 221227 293311 254254 190190 250250 539539 336336 224224
18   265269 221227 257257 219219 251251 526526 224224 177177 240240 307311 263263 265265 165163 279279 220220 214214 304304 340340 221229 293293 254254 190190 250250 539539 338346 224224
18   253265 221221 257257 219225 249251 523529 224224 177177 240240 307311 263263 265265 165165 279279 220220 214218 304304 340340 221221 293293 252254 190190 174250 539545 334346 224224
18   263273 221221 257257 216219 249251 526526 224224 177177 240240 307309 263263 265265 165165 279279 220220 214214 304304 340340 221221 293293 252254 190190 174250 539539 336344 224224
18   267273 221221 257257 225225 249251 523529 224224 177177 240240 309309 263263 265265 165165 279279 220220 214214 304304 340340 221221 293293 252254 190190 250250 539545 332342 224224
18   255273 221217 257257 216225 249249 514526 224224 177177 240240 307307 263259 265265 165159 279279 220220 214214 304304 340332 221241 293311 252252 190190 250250 539545 336342 224224
18   267273 221221 257257 219219 249251 523529 224224 177177 240240 307309 263263 265265 165165 279285 220220 214214 304304 340340 221221 293293 252254 190190 174250 539545 346346 224224
