8 7 387 3
Loc_1
Loc_2
Loc_3
Loc_4
Loc_5
Loc_6
Loc_7
1   361367 219219 224226 314314 320320 136136 339347
1   0 219219 226226 314314 300300 134136 339339
1   361367 219219 224226 314320 300322 136136 337339
1   367369 219221 224226 304314 312318 136136 337339
1   367367 219219 224224 312320 300324 136136 339339
1   367367 219219 224224 312314 320324 136136 339339
1   367367 219219 224224 314324 302322      0 347347
1   367367 221221 226226 318320 300320 136136 337349
1   361367 219219 226226 314314 306308 136136 339353
1   369369 219219 224224 316320 310318 136136 339351
1   361367 219219 224226 318320 318318 136136 339339
1   0 219219 226226 314314 300306 136136 355355
1   367367 219219 224224 314316 312320 136136 339355
1   0 217219 226234 318330 300312 136142 339341
1   367367 219219 224226 322322 310322 136136      0
1   0 219229 224226 314314 320320 136136 339339
2   0 219219 224226 320332 308308 136136 339355
2   0 219219 224226 314314 302312 136136 339355
2   0 219219 224226 312320 312318 136136 339351
2   0 219219 224226 312314 300310 136136 349355
2   0 219219 224226 312320 312318 136136 347351
2   0 219219 226226 304318 308320 136136 351355
2   0 219219 224226 312316 320324 136136 339353
2   0 219219 224224 316322 306306 136136 339351
2   0 219219 224224 316318 308320 136138 339339
2   0 219221 224224 304304 312320 136136 339351
2   0 219221 224244 312320 320320 136136 351355
2   0 219221 224226 314314 300320 136136 339349
2   0 219219 224244 304322 318320 136136 339339
2   0 219219 226226 318320 318324 136136 351357
2   0 219219 224226 314322 318320 136136 339347
2   0 219219 224224 304320 300308 136136 339339
3   367369 219219 224226 318320 306320 136136 347351
3   367367 219219 224226 314322 318318 136136 347355
3   0 219219 224226 312314 310312 136136 341351
3   367367 219219 224224 320322 312320 136136 339357
3   367369 219219 224226 304312 310318 136136 339339
3   367367 219219 226226 318320 308318 136136 339351
3   367367 219219 226226 304318 300304 136136 339347
3   367367 219219 224224 314314 318320 136136 339355
3   367367 219219 224224 304318 312322 136136 339351
3   367367 219219 224224 318322 312320 136136 353355
3   367367 219219 224226 304318 308312 136136 353355
3   367367 219219 224226 320322 308322 136136 347355
3   367367 219219 226226 312318 320320 136136 339347
3   367367 219219 224226 314322 308312 136136 355355
3   367367 219219 226226 316318 320320 136136 355355
3   367367 219219 224226 314316 318324 136136 347347
4   369371 219219 224224 314318 320320 136136 349349
4   369369 219219 226226 320320 306308 136136 349351
4   361371 219219 226226 320324 306320 136136 351351
4   359369 219219 226226 332336 306306 136136 349351
4   0 219219 224226 314314 298306 136136 339349
4   359385 217219 222224      0 308318 136136 349349
4   359359 219219 224226 312318 306306 136136 347349
4   371371 219219 226226 312320 318318 136136      0
4   369387 219219 226226 314318 308320 136136 349349
4   359361 219219 226226 312322 306308 136136 349351
4   371371 219219 226226 314314 306318 136136 351351
4   0 217219 224224      0      0 136136 349351
4   0 219219 226226 316334 298306 136136 339349
4   385387 217219 224226 318322 308308 136136 349349
4   361361 219219 226226 314320 318322 136146 347349
4   369385 219219 224226 312322 306306 136136      0
5   367367 219219 224224 316318 314320 136136 339339
5   361367 219219 224224 304312 312312 136136 349353
5   0 219221 224224 314316 312312 136136 349353
5   361367 219219 224226 318320 308318 136136 353353
5   369369 219219 224226 314314 314314 136136 339349
5   367367 219219 224226 318320 312312 136136 339339
5   369369 219219 224226 314320 314318 136136 339349
5   367369 219219 224224 312316 306320 136136 339339
5   367367 219219 224224 314318 320320 136136 339349
5   367369 219219 224226 312314 308312 136136 347353
5   367367 219219 226230 304320 310312 136136 339339
5   361367 219219 224226 312314 308312 136136 339349
5   367367 219219 224224 304322 312318 136136 339349
5   367371 219219 224224 314318 306320 136136 339345
5   361367 219219 224224 314314 312312 136136 339353
5   367371 219219 224224 304316 312320 136136 339353
6   367367 219219 224224 312322 296320 136136 349349
6   359367 219219 224226 314318 318320 136136 339355
6   367367 219219      0 322322 296320 136146 339347
6   361367 219219 224230 304312 296306 136136 339339
6   367367 219219 224230 314322 296312 136136 349357
6   367371 219219 224224 314314 296320 136136 339347
6   367367 219219 224224 312312 296296 136136 339339
6   367367 219219      0 314322 296296 136136 339347
6   367367 219219 224224 304312 306320 136136 347349
6   367367 219219 224226 312322 296308 136136 339349
6   367367 219219 224224 314322 296306 136136 339339
6   365367 219219 224224 312312 296306 136136 339339
6   367367 219219 224230 312314 296320 136136 339347
6   367367 219219 224226 304318 310318 136136 347349
6   367367 219219 224224 314318 312318 136136 347353
6   361367 219219 224224 322322 318320 136136 347355
7   361369 219219 224224 314318 308318 136136 339339
7   361367 219219 226226 314320 308318 136136 347355
7   367367 219219 224224 314314 314318 136136 349353
7   361367 219219 224226 314314 318318 136136 339353
7   361367 219219 224226 312324 312312 136136 339339
7   367369 219219 224224 314318      0 136136      0
7   361361 219219 224224 312314 312318 136136 339347
7   0 219221 226226 314316 318320 136136 353355
7   361367 219219 224224 314314 300300 136136 339353
7   361361      0 224226 312312 322322 136136      0
7   369369 219227 224226 316316 318318 136136      0
7   367367 219219 226226 314314 318322 136136 349349
7   367367 219219 224226 314314 302318      0 339339
7   367367 219219 226226 314314 318322 136136 347349
7   367369 219219 224226 312316 300318 136136 339339
7   361361 219221 226226 314314 300318 136136 349353
8   0 217219 224224 304314 300312 146146      0
8   0      0 224224 316318 310310 136146 339339
8   0 217219 226226 312314 308314 136136      0
8   0 217219 224226 304318 308322      0 339339
8   0 219219 224224 314318 308322 136136      0
8   0 219219 224226 318318 300318 136136 339339
8   0 219219 224226 312314 320322 136136 339339
8   0 217217 224224 312314 308312      0 339339
8   0 217219 226226 314320      0 136146 339339
8   0 219219 224226 318322 300306 136136 339347
8   0 219219 226226 316318 312320 136136 339347
8   0 219219 226226 314318 310310 136136 339347
8   0 219219 224226 314318 308312 136136 339347
8   0 219219 224224 312314 312322 136136 339347
8   0 219219 224224 312312 300312 136136 339349
8   0 219219 224224 304318 312312 136136 339339
