23 8 601 3
Loc_1
Loc_2
Loc_3
Loc_4
Loc_5
Loc_6
Loc_7
Loc_8
1   114114 230230 217217 126126 197197 171171 153153 173173
1   109109 167176 275275 132132 197197 171171 149149 171171
1   115115 230230 217217 126126 197197 172172 153153 173173
1   115115 229229 216216 126126 197197 220220 153153 173173
1   115115 229229 217217 126126 197197 154154 152152 173173
1   115115 230230 217217 126126 197197 220220 153153 143143
1   114114 230230 217217 125125 197197      0 153153 173173
1   112112 235235 235235 125125 197197 214214 150150 163163
1   115115 229229 217217 126126 200200      0 153153 173173
1   114114 233233 217217 125125 197197 157157 153153 173173
1   115115 230230 217217 125125 197197 175175 153153 173173
1   115115 233233 217217 125125 197197 169169 153153 172172
1   115115 233233 216216 126126 197197 220220 153153 173173
1   115115      0 217217 126126      0 178178 152152 172172
1   115115 210210 217217      0 190190      0      0 173173
1   115115 229229 217217 136136 197197 136136 153153 173173
1   112112 155188 320320 132132      0 225225 158158 163163
1   110110 184229      0 125130 189189 144144 153153 161161
1   112112 188188 362362 132132 191191 221221 159159 139139
1   115115 160160 214214      0 190190      0      0      0
1   115115 236236 217217 126126 200200 202202 153153 173173
1   112112 160160 343343 131131      0 174175 150150 160160
1   115115 229229 217217 125125 197197 136187 153153 173173
1   115115 128128 214214 125125 197197 168168 152152 173173
1   115115 229229 217217 125125 197197      0 152152 173173
1   109109 224224 233233 126126      0 130130 153153 166166
1   115115 233233 198214 125125 198198      0 153153 172172
1   115115 259259 217217 125125 197197 185185 152152 173173
1   108108 199199 199199 132132      0 171171 153153 169169
1   0 229229 217217 125125 197197 203203 170170 173173
1   115115 229229      0 125125 197197      0 150150 172172
1   115115 230230 217217      0 197197      0 154154 173173
1   115115 230230 217217 126126 197197 207207 153153 173173
1   115115 230230 217217 126126 197197 220220 153153 161161
1   115115 145145      0 126126 191191      0 153153 156156
1   115115 229229 217217 125125 197197      0 153153 173173
1   112112 290290 217217 125125 197197 214214 149149 172172
1   115115 229229 217217 125125 197197 182182 152152 173173
1   112115 287287 217217 125125 200200 214214 150153 173173
1   112115 235290 217217 125125 197197 214214 150153 162162
1   115115 230230 217217 126126 197197 174174 153153 173173
1   109109 224224 233233 126126      0 130130 152152 166166
1   115115 230230 217217 126126 197197 220220 153153 172172
2   109109 221221 233233 126126 197197 130130 153153 166166
2   112112 164164 230230 126126 188188 159159 153153 166166
2   112112 155155 233233 126126 188188 175175 154154 152152
2   112112 154154 232232 125125 189189      0 147147 122122
2   112112 155155 233233 126126 188188 171171 154154 152152
2   111111 155155 233233 126126 188188 171171 153153 153153
2   111111 158158 232232 126126 188188 171171 153153 160160
2   112112 155158 233233 126126 188188 171171 153153 162162
2   112112 158158 232232 126126 188188 172172 153153 166166
2   112112 158158 233233 126126 188188 171171 153153 153153
2   109109 151151 390390 132132 204204 154154 150150 162162
2   112112 158158 233233 125125 188188 171171 153153 162162
2   112112 154154 233233 125126 188249 171171 152152      0
2   112112 157157 233233 125125 188188 171171 153171      0
2   0 159218 209209      0 195195      0 150150      0
2   112112 155155 229229 126126 188188 172172 153153      0
2   112112 155155 230230 126126 188188 172172 153153 147147
2   112112 155155 230230 125125 188197 171171 153153 162162
2   112112 154154 229229 126126 188197 171171 153153 174174
2   109109 221221 233233 126126 197197 136136 153153 166166
2   111111 155155 226226      0 188188 174174 153153      0
2   0 154154 226226 125125 188188      0      0 156156
2   112112 154154 206206 125125 188188 171171 149149 122122
2   112112 154154 206206      0 249249      0      0      0
2   111111 154154 229229 125125 188188 171171 152152 157157
2   111111 154154      0 125125 188188 171171 153153 165165
2   112112 155155 233233 126126 188188 171171 153171      0
2   112112 154154 230230 125125 188188 171171 153153 147147
2   111111 157157 233233 125125 187187 171171 153153 147188
2   111111 128188 234234 125125 188188 171171 152152 157157
2   0 193193 427427 132132 191191      0      0 163163
2   115115 193193 220220 126126 197197 218222 152153 172172
2   112112 154154 213213 125125 188188 174174 148148 122122
2   112112 155155 233233 125125 188188 171171 153153      0
2   112112 155155 233236 125125 188188 171171 153153 148148
2   112112 155155 230230 125125 188188 171171 153153 148148
2   112112 155155 233233 125125 188188 158158 153153 148148
2   112112 164164 229229      0 188188 158158 153153      0
2   112112 164164 230230 125125 188188 158158 153153 148148
2   0      0 352352      0      0 171171 152152 153153
2   111111 193193 193373 125125 191191 193193      0 161161
2   112112 157157 233233 126126 188188 171171 153171      0
2   112112 158158 233233 125125 188188 171171 153153 148148
2   112112 158158 233233 125125 188188 171171 154154 148148
2   0      0 207207      0      0 174174 152152 152152
2   112112 158158 233233 126126 188188 185185 157157 157157
3   111111 172172 363363 131131 191191 161161 159159 147147
3   112112 194194 331331 131131 191191 172172 150150 162162
3   112112 173173 215215 131131 191191 168168 159159 171171
3   111111 172185 209209      0 192192      0      0      0
3   111111      0 358358 131132 205205 186186 158158 163163
3   0      0 214389      0 205205 171171 149149 162162
3   111111 194194 389389 132132 191191 171171 150150 162162
3   108108 145145 460460 131131 197197 187187 159159 163163
3   109109 145145 461491 131131 197197 187187 159159 145145
3   109109 145145 458461 132132 197197 168168 159159      0
3   0 146146 460460 131131 197197 187187 159159 145145
3   112112 172172 171171 131131 191191 171171 149149 162162
3   109109 145145 461461 131131 197197 186186 159159      0
3   109109 144144 461461 131131 197197 186186 158158 162162
3   108108 145145 460460 131131 197197 187187 159159 161161
3   108108      0      0 131131 197197 186186 159159 147147
3   109109 145145 461461 132132 197197 187187 158158 161161
3   108108 144144 481481 131131 197197 186186 159159 147147
3   109109 145145 461461 132132 200200 187187 158158 147147
3   109109 144144 466466 131131 197197 186186 158158 161161
3   108108 144144 461461 131131 197197 186186 158158 163163
3   108108 144144 490490 131131 197197 186186 158158 163163
3   109109 145145 210210 131131 197197 186186 147147 121121
3   112112 173173 222222      0 191191 162162 158158 158158
3   112112 160160 591591 131131 191191 301301 158158 119119
3   108108 157157 235235 131131 200200 138138 150150 163163
3   109109 157157 234234 131131 197197 138138 150150 160160
3   0 152194 209209      0 192192      0      0      0
3   109109 144144 481481 131131 197197 186186 159159      0
3   108108 172172 497497 131131 191191 204204 159159 147147
3   0 169169 218218      0      0      0      0 137137
3   108108 144144 460460 131131 197197 186186 158158 163163
3   0 212212 299299      0 191191 201201 159159 147147
3   112112 161161      0 131131      0 118118      0 160160
3   108108 145145 385385 131131 197197 183183 159159      0
3   112112 161161      0 131131 191191 175175 150165 160160
3   109109 224224 212212 126126 197197 143143 153153 169169
3   0 185185 209209      0 194194      0      0      0
3   112112 173173 392392 131131 191191 171171 150150 163163
3   112112 173173 162162 131131 191191 171171 150150 164164
3   109109 173173 388388 131131 197197 162162 159159 163163
4   109109 157157 294294 125125 200200 142142 150150 165165
4   109109 154154 216216 125125 200200 142142 157157 165165
4   108108 155200 215215 125125 200200 143157 150150 166166
4   109109 155155 215215 125125 200200 143143 153159 166166
4   109109 189189 224224 125125 191200 224224 158158 166166
4   109109 168168 224224 126126 200200 153153 159159 165165
4   109109 148148 297297 132132 200200 143143 159159 151151
4   108108 155227 215218 125125 200200 143143 150159 160166
4   106106 128128 212212 127127 179179 154154 150150 143144
4   112112 160160      0 131131 191191 171175 149149 160160
4   109109 154154 215215 125125 200200 169169 150150 166166
4   109109 154154 215215 125125 200200 215215 149149 166166
4   109109 155158 215215 125125 200200 221221 150159 166166
4   109109 227227 294294 125125 200200 143143 153153 151151
4   109109 227227 297297 125125 200200 143143 153153 151151
4   109109 227227 215293 126126 200200 143143 150153 166166
4   109109 154154 215294 125125 200200 294294 149149 166169
4   108108 148148 297297 131131 200200 143143 159159 151151
4   109109 154154 214214 126126 200200 155155 150150 165165
4   106111 163163 419419 125125 191191 201201 158158 165165
4   109109 226226 211215 125125 200200      0 149149 151151
4   108108 226226 218294 125125 200200 143143 159159 160160
4   109109 154154 215215 125125 200200      0 149149 166166
4   111111 162162 358358      0 190190      0 158158 169169
4   110110 159159 209209      0 199199      0 158158      0
4   108108 154154 214214 126126 200200 155155 150150 166166
4   112112 161161      0 131131 191191 175175 149149 160160
4   0 159159 208208      0 199199      0 149149      0
4   108108 155155 294294 125125 200200 156156 153153 166166
4   109109 160160 294294      0 200200      0 159159 166166
4   109112 158158 224235 126127 200200 218221 150150 166166
4   111111 160160 343363 131131 191191 174174 149149 160160
4   108108 157157 224224 125125 200200 176176 150150 166169
4   108108 227227 294294 125125 200200 142142 153153 166166
4   109109 157157 215215 126126 200200      0 150150 166166
4   109109 157157 215215 125126 200200 215215 150150 166166
4   109109 226226 296296 125125 200200 142142 152152 151151
4   108108 157157 215215 125125 200200 120120 149149 165165
4   108108 155155 214214 125125 200200 155155 150150 165165
4   109109 154154 215215 125125 200200      0 150150 163163
4   109109      0 222222 126126      0      0 150150 097097
4   109109 158158 224224 125125 200200      0 150150      0
4   103103 227227 215294 125125 201201      0 150150 165165
5   109109 161161 274274 132132 197197 165165 150150 170170
5   115115 118170 220367 135135 200200 197197 154154 154154
5   109109 152152 388388 131131 203203 142142 149149 163163
5   109109 170170 216219 132135 197197 133133 165171 141160
5   109109 152152 391391 131131 203203      0 150150 163163
5   109109 211211 213213 126126 200200 153153 153153 163163
5   115115 139185 217221 135135 197200 101101 153165 141166
5   112112 150165 222222 132135 197197 098098 153153 163163
5   109109 168168 275275 131131 200200 165165 150150 172172
5   112112 187187 358358 131136 191191 221221 159159 138138
5   115115 193196 320320 125125 197197 169169      0 172172
5   112112 161161 361361 132132 191191 224224 159159 139139
5   0 187187 219219      0 198198 168168 152152      0
5   108108 168168 225225 125125 197197 233233 150150 162162
5   109109 173173 274274 125125 197197 165165 150150      0
5   109109 159167 274274 132132 201201 165165 150150 163163
5   109109 170198 236236      0 197197 165171 150150      0
5   109109 173173 275275 132132 197197 168168 150150 172172
5   109109 161191 236236 126126 197197 165165 150150 162162
5   109109 167167 385385      0 197197 149149 150150 160160
5   108108 210210 213213 125125 197197 214214 153153 163163
5   109109 170170 215236 125125 197197 165165 150150 159159
5   115115 193193 220220 125125 200206 221221 153153 172172
5   115115 193193 220220 125125 197197 221221 153153 171171
5   109109 211211 271271 131131 197197 174174 150150 172172
5   109109 173173 274274 132132 197197 169169 150150 170170
5   109109 176176 251251 132132 197197      0 150150 170170
5   106108 167167 260260 131131 197197 172172 150150 172172
5   115115 193219 220220 125125 197197 218221 153153 163163
5   108108 200200 446449 131131 188188 177177 168168 160163
5   109109 172172 386386 131131 197197 148148 150150 172172
5   109109      0 236236 125125 197197 168168 150150 163163
5   109109 170170 236274 126126 197197 136165 150150 171171
6   108108 217217 217232      0 196196      0 148148      0
6   114114 199199 220359 125125 197197 221222 153153 172172
6   115115 193193 220220 125125 197197 221221 153153 163163
6   112112 161161 218218 131131 197200 305305 150159 159159
6   115115 193193 220220 126126 197197 222222 153153 172172
6   112112 193193 378378 131131 191191 224224 159159 160160
6   115115 192192 220220 125125 197197 220220 152152 172172
6   109109 192192 341341 131131 197197 234234 150150 160160
6   109109 183183 289289 132132 197197 147147 150150 160160
6   109109 167167 216216 131131 197197 434434 146146 160160
6   0 170170 213213      0 199199      0 152152      0
6   108108 129129 224224      0 178178 332332      0      0
6   115115 193193 220220 125125 197197 226226 153153 172172
6   115115 192195 220220 125125 197197      0 153153 172172
6   115115 192192 220220 125125 197197 224224 153153 172172
6   114114 217217 217217 125125 197197      0 153153 172172
6   115115 217217 217217 125125 198198      0 153153 172172
6   112112 161161      0 131131      0 175175 151151 160160
6   115115 193193 220220 125125 197197 220220 153153 172172
6   115115 193193 220220 133133 197197 165165 153153 165165
6   112112 161161 216216 132132 191191 175175 148148 160160
6   106106 129129 213213 127127 179179 129129 153154 144144
6   115115 192192 220220 125125 197197 224224 153153 172172
6   109109 167225      0 131131 197197 150150      0      0
6   109109 152152 276276 131131 203203 139139 149149 163163
6   115115 193193 220220 126126 197197 225225 153153 172172
6   115115 199199 220220 126126 197197 221221 153153 172172
6   109109 223223 212212 125125 204204 142142 153153 169169
6   113113 192192 230230 125125 197197 150150 161161 172172
6   115115 193193 220220 125125 197197 216216 153153 172172
6   115115 192192 220220 125125 198198 168169 153153 172172
6   106106 129129 213213 127127 194194 357357 149149 144144
6   108108 154154 215215      0 200200 215214 150150 166166
6   109109 226226 214214 125125 200200 219219 149149 166166
6   108108 217217      0 126126      0 169169      0      0
6   115115 193193 220220 126126 197197 221221 153153 172172
6   115115 192192 220220 125125 198198      0 153153 172172
6   115115 193193 220220      0 198198 179179 153153 142142
6   106106 129129 213213 127127 194194 357357 149149 144144
6   115115 192192 220220 125125 197197      0 153153 172172
6   108108      0      0 131131 197197 393393      0      0
6   106106 129129 213213 127127 179179 382382 149149 144144
6   106106 129129 213213 127127 179179 384384 149149 144144
6   108108 214214 258258 125125 197197 169169 153153      0
6   108114 143143 219219 134134 197197 219219 165165 165165
6   115115 136136 212212      0 197197 221221      0 102102
6   0 129158 220220 125125 178178      0      0      0
6   109109 221221 233233 126126 197197 136136 152152 166166
7   115115 217217 218218 125125 197197 220220 152152 172172
7   108108 205205 202202 125125 197197 133133 152152 172172
7   109109 151151 388388 132132      0      0 150150 162162
7   112112 188188 159159 131131 191191 225225 159159 160160
7   109109 152152 388388      0 203203      0 149149      0
7   115115 192192 220220 126126      0 142142 153153 171171
7   108108 152152 391391 131131 203203 152152 150150 162162
7   104104 152152 391391 131131 204204      0 150150 163163
7   109109 152152 391391 131131 203203 154154 150150 163163
7   109115 151151 218388 131131 197204 193193 149152 163163
7   109109 152152 391391 131131 203203 172172 150150 163163
7   109109 152152      0 131131 204204 168168 150150 163163
7   109109 152152 391391 131131 203203 172172 150150 163163
7   108108 152152 394394 131131 203203 170170 150150 163163
7   109109 192192 326326 131131 197197 234234 150156 171171
7   109109 131131 261261 131131 192192      0 150150      0
7   108108 152152 391391 131131 203203 141141 150150 163163
7   114114 192192 220220 125125 197197 186186 153153 171171
7   109109 152152 388388      0 203203      0 150150 163163
7   109109 152152 391391      0 203203 124124 150150 162162
7   0      0 223223 131131 198198      0 150150 163163
7   109109 152152 388388 131131 203203 147147 150150 163163
7   109109 150150 391391      0 215215 140140 150150 163163
7   109109      0      0 129129 203203 338338      0 163163
7   108108 218218      0 125125 197197 172172      0      0
7   109109 152152 388388 131131 203203 179179 150150 163163
7   109115 152152 388388 131131 204204 157157 150150 162162
7   108108 152152 387387 131131 204204      0 150150 162162
7   108108 150150      0 124129 199199 390390      0 161161
7   109109 152152 388388 131131 203203 139139 150150 163163
7   109109 151151 388388 131131 203203 143143 150150 163163
7   109109 151151 391391 132132 203203      0 150150 162162
7   109109 159159      0 124131 201201 390390 150150 115181
7   0      0 214214 125125 202202 361361      0      0
7   109109 152199 391391 131131 191203 171171 150153 163169
7   0 205205      0 127127      0 359359      0 163163
7   109109 151151 386386 131131 203203 153153 149149 162162
7   109109 152152 391391 131131 204204 155155 150150 162162
7   109109 152152 391391 131131 204204 139139 150150 163163
7   108108 151151 388388 131131 203203      0 149149 162162
7   108108 150150 388388 131131 203203 144144 149149 162162
7   108108 152152 212388      0 203203 126126 150150 162162
8   112112 160160 361361 132132 191191 218221 159159 138138
8   112112 161161 361361 132132 191191 225225 159159 138138
8   111111 160160 361358 131131 191191 224224 159159 163163
8   112112 161161 361361 132132 191191 225225 159159 138138
8   112112 161161 361361 132132 191191 225225 159159 138138
8   0 151151 211211 131131 203203 162162 150153 163163
8   112112 188188 359359 132132 192192 221221 159159 163163
8   111111 187187      0 131131 191191 221221 159159 166166
8   111111 184187 358361 131131      0 220220 159159 138138
8   109109 221221 233233 126126 197197 136136 152152 166166
8   109112 161161 361361 131131 191191 221221 159159 137137
8   112112 188188 360360 131131 191191 221221 159159      0
8   112112 187187      0 131131 191191 221221 159159 161161
8   108108 244244 228228 131131 191191 169172 159159      0
8   111111 160160 361361 132132 191191 225225 159159 138138
8   108108 213213 213213 125125 197197 211211 152152 162162
8   109109 218218 151151 131131 197197 293293 150151 163163
8   111111 184187 361358 131131 191191 221221 159159 138138
8   108108 211211 213213 125125 197197 153153 153153 163163
8   112112 188188 361361 132132 191191 221221 159159      0
8   108108 151151 391391 131131 203203 106106 149149 163163
8   111118 188188 302361      0 191191 221221 159159 138158
8   111111 188188 358358 131131 191191 220220 159159 138138
8   112112 187187 358358 131131 191191 220220 158158 138138
8   112112 188188 358358 131131 191191 221221 159159 159159
8   112112 187187 358358 131131 191191 220220 158158 139139
8   111111 188188 361361 131131 191191 211211 159159 176176
8   111111 187187 361439 131131 191191 221221 159159 146146
8   112112 187187 362362 131131 191191 220220 158158 138138
8   108108 151151 379379 131131 203203 138138 150150 160160
8   109109 214214 213213 126126      0 212212 153153 163163
8   112112 188188 216360 131131 191191 221221 159159 148148
8   112112 187187 361361 131131 191191 221221 158158 138138
8   109109 170170 275275 131131 197197 165165 150150 172172
8   115115 217217 214214 125125 197197      0 152152 172172
8   0 150150 213220 134134 199199 155155 155155      0
8   111111 161161 361361 131131 191191 224224 159159 158158
8   112112 187187      0 131131 143143 224224 159159 145145
8   109109 225225      0 132132 197197 293293 149149      0
8   112112 158158 233233 125125 188188 171171 153153 176176
8   111111 184184 275275 131131 191191 224224 158158 147147
8   109109 218218 151151 131131 197197 293293 150150 158158
8   112112 187187 361361 131131 191191 221221 158158 139139
8   109109 218218 144144 131131 197197 293293 150150 173173
8   112112 161161 361361 132132 191191 224224      0 138138
9   109109 218218 145145 131131 197197 293293 150150 164164
9   112112 188193 363363 131131 191191 192224 158158 162162
9   108108 211211 227227 125125 188188 156156 153153 169169
9   112112 160160 538538 131131 200200 304304 159159 169187
9   112112 160160 212212 131131 200200 305305 159159 169169
9   112112 161161 539539 132132 200200 302302 159159 147147
9   112112 163163 361361 131131 191191 221221 159159      0
9   0 167167 216216 129129 191197 144144 166166 144144
9   108108 211211 227227 125125 188188 156156 153153 168168
9   108108 211211 227227 125125 188188 159159 153153 168168
9   112112 162162      0 131131 191191 174174      0 160160
9   112112 163163 218218 131131 191191 174174 150150 160160
9   112112 161161 215215 131131 191191 175175 149152 160160
9   112112 164164      0 131131 191191 181181 158158 160160
9   109109 227227 212212 126126 197197 143143 153153 169169
9   112112 160160 516516      0 200200 305305 159159 168168
9   112112 199199 463463 131131 200200 249249 158158 162162
9   111111 187187 361361 131131 191191      0 159159 137137
9   109109 186186 341341 126126 197197 202202 150150 160160
9   112112 190190 525525 131131 191191 311311 158158 164164
9   109109 168168 228231 125125 197197 281281 149149 163163
9   111111 160160 581581 131131 200200 305305 158158 161161
9   109109 186186 325325 131131 197197 172172 150150 161161
9   112112 169169 233233 131131 191191 295295 158158 161161
9   108112 211214 216240 125125 206206 143150 153153 157169
9   111111 160160 522522 131131 200200 305305 150159 187187
9   112112 160160 517517 131131 191191 296296 158158 160160
9   112112 190214 214214 125131      0 184184 153168 169169
9   112112 190190 516516 131131 191191 255255 158158 159159
9   111111 169169 516516 131131 191191 240240 158158 156156
9   112112 175211 214218 125125 200200 153190 153168 156156
9   112112 169169 363363 131131 191191 298298 149149 162162
9   109109 170170 276276 125125 197197 140140 149149      0
9   108112 190202 214218 125125 188206 139150 150153 157172
9   112112 187187 516516 131131 191191 302308 149149 164164
9   112112 161161 516516 131131 200200 298298 149149 164164
9   111111 169169      0 131131 191191 296296 150150 146202
9   112112 199199 413413 131131 200200 255255 158158 161161
9   112112 199199 327327 131131 191191 287287 158158 164164
9   112112 196196 403403 131131 191191 208208 158158 159159
9   112112 178178 582582 131131 200200 299299 158158 160160
9   112112 160160 557557 131131 200200 301301 159159      0
9   111111 185185 343343 134134 191191 156156 159159 170174
10   109109 186186 354354 132132 197197 238238 150150 159159
10   109109 166166      0 131131 197197 165165 168168 148148
10   109109 189189 316316 132132 197197      0 150150 159159
10   109109 193193 319319 132132 197197      0 150150 160160
10   109109 189189 322322 131131 197197 234234 150150 147147
10   109109 190190 322322      0 197197 179179 150150      0
10   111111 187187 213213 131131 191191 224224 159159 168168
10   0 195195 212212 126126 197197 155155 150150 159159
10   108108 195195 319323 131131 197197 124124 150150 159159
10   108108 180180      0 125125 197197 139139 150150 159159
10   108108 195195 209211 126126 197197 156156 150150 159159
10   108108 187187 313313 132132 197197 154154 150150 159159
10   108108 187187 323323 131131 197197 156157 150150 159159
10   109109 183183 310310 132132 197197 123154 150150 159159
10   109109 187187 266269 132132 198198 124124 150150 159159
10   112112 182185 367424 131134 191191 149149 150159 163163
10   109109 167167 218218 131131      0 136136 150150 160160
10   112112 185185 443443 131131 191191 149149 159159 174174
10   109109 192192 326326 131131 197197      0 150150 160160
10   109109 189189 323323 131131 199199 158158 150150      0
10   109109      0 215386 125125 197197      0 150150 160160
10   109109 192192 313313      0 197197 224224 150150 176176
10   109109 195195 322323 131131 197197 155155 150150 160160
10   109109 180180 323323 125125 198198 142142 150150      0
10   109109 192192      0 131131 197197 172172 150150 160160
10   112112 182182 367367 131131 191191 150150 150150 143161
10   109109 189189 316316 131131 197197      0 150150 160160
10   112112 203203 434434 131131 191191 153153 159159 166166
10   0 180192 215215 125131 198198 142142 150150 159159
10   109109 195195 325325      0      0      0 150150      0
10   109109 186186 354354 132132      0 238238 150150 160160
11   109109 173188 274274 131131 197197 168168 150150 172172
11   0      0 228228 131131 197197      0      0 181181
11   108108 217217 291291 125125 197197 135135 150150 162162
11   109109 169169 275275      0 197197 139139 149149 160160
11   109109 163167 275275 132132 197197 169169 149149 171171
11   112112 191191 434434 131131 191191 146146 159159 163166
11   109109 167167 274274 131131 197197 165165 150150 172172
11   109109 170170 274274 131131 197197 136136 150150 172172
11   109109 159182 226226 125125 197197      0 150150 172172
11   109109 157157 234234 131131 197197 139139 149149 162162
11   109109 170170 278278 131131 197197 150150 150150 163163
11   109109 167167 274274 131131 197197 172172 150150 172172
11   109109 216216 243243 125125 197197 135135 150150 160160
11   109109 167194 274274 131131 197197 168168 150150 172172
11   109109 171171 274274 132132 197197 169169 150150 172172
11   109109 218218 213213 131131 197197 293293 149149      0
11   109109 203203 267267 131131 197197 127127 150150 163163
11   112112 160160 210210 131131 200200 154218 159159 169169
11   112121 214218 216216 125125 206206 136150 150153 154169
11   108108 170188 262273 125131 197197 143153 150150 160163
11   108108 185185 246246 131131 197197 139139 150150      0
11   109109 169169 273273 131131 197197 139139 150150 152152
11   109109 169184 244244 125125 197197 126126 150150 160160
11   109109 158158 270270 131131 197197 143143 150150 160160
11   109109 185185 255255 131131 197197 139139 150150      0
11   109111 170170 275275 131131 200200 139139 149149      0
11   109109 170170 276276 131131 197197 127127 150150 161161
11   109109 170170 255273 131131 197197 142142 150150 160160
11   109109 169169 275275 131131 197197 138138 149149 168168
11   109109 157157 246246 131131 197197 138138 149149 161161
11   108108 157157 270270 131131 197197 142142 149149 160160
11   109109 157157 246246 131131 197197 139139 149149 162162
11   109109 173173 274274 131131 197197 168168 150150 172172
11   109109 202202 311311 125125 197197 139139 149149 165168
11   109109 217217 265265 132132 197197 136136 149149 162162
11   108108 150150      0 125131 197197      0 150152      0
11   0 170170 276276 131131 197197 139139 150150 163163
11   109109 173173      0 131131      0 205205      0      0
11   109109 185185 243243 125125 197197 146146 150150 163163
11   109109 217217 261261 125125 197197 135135 149149 160160
11   109109 181181 244244 125125 197197 146146 149149 163163
12   109109 218218 560560 132132 197197 293293 150150 147147
12   108108 218218 491558 131131 197197 293293 150150 149149
12   108108 218218 206551 131131 197197 293293 150150 146146
12   108108 219219 218218 131131 197197 293293 150150 149149
12   109109 219219 210210 131131 197197 293293 150150 147147
12   109109 218218      0 131131 190190 293293 150150 160160
12   109109 218218 560560 131131 197197 293293 149149 163171
12   109109 221221      0 131131 200200 293293 150150 148180
12   109109 218218 558558 132132 197197 293293 150150      0
12   0      0 223223 123123 197197      0 150153 115181
12   108108 197218 558558 131131 197197 293293 150150 151151
12   112112 161161      0 132132 200200 302302 159159 170170
12   0      0 222222      0 184184      0      0 175175
12   112112 161161      0 132132 200200 305305 159159 166166
12   0 150150 213213 124124 223223 271271 150150 157157
12   109109 168168 279279 131131 197197 149149 150150      0
12   109109 218218 558558 132132 197197 293293 150150 165165
12   112112 161161      0 131131 191191 302302 150150 160160
12   109109 218218 557557 131131 197197 293293 149149 165165
12   115115 230230 217217 126126 197197      0 152152 173173
12   115115 125210 217217 125125 197197 154154 152152 173173
12   112112 191191 234234 131131 191191 299299 150150 163163
12   109109 218218      0 131131 197197 293293 149149      0
12   109109 195195 215215 131131 197197      0 150150 163163
12   109109 218218 553553 132132 197197 294294 150150 147147
12   109109 145145 211211 131131 197197 187187 158158      0
12   109109 211211 212212 126126 197197 215215 152152 163163
12   109109 215215 213213 126126 198198 212212 152152 163163
12   109109 218218 557557 131131 197197 293293 149149 161161
12   0 206206      0 130130 223223 271271      0 115115
12   109109 218218 557557 131131 197197 293293 149149 147147
12   109109      0      0 126126      0 143143 153153 169169
12   109109 218218 558558 132132 197197 294294 150150 147147
12   109109 219219 560560 132132      0 293293 149149      0
12   109109 164164 343343 131131 191191 273273 149149 158158
12   109109 218218 215215 131131 197197      0 150150      0
12   109109 224224 555555 131131 197197 293293 150150      0
12   109109 217217 216216 132132 197197 293293 150150 186186
12   109109 218218 217217 131131 197197 293293 149149 173173
12   109109 218218 558558 131131 197197 293293 149149 169169
12   109109 218218 558558 132132 197197 294294 150150 154154
12   109109 218218      0 131131 197197 293293 150150 152152
12   109109 218218 555555 132132 197197 291291 150150 154154
12   108108 219219 549549 131131 197197 293293 150150 147147
13   109109 218218 210210 131131 198198 293293 150150      0
13   108108 223223 212212 125125 197197 142142 152152 168168
13   109109 209209 269346 131131 197197 233233 159159 161161
13   109109 183183 384384 131131 197197 275276 150150 159159
13   109109 200200 337337 125125 197197 270270 150150 155155
13   109109 224224 212212 125125 197197 142142 153153 169169
13   109109 218224 556556 131131 197197 293293 149149 147147
13   109109 155196 384478 132132 197197 270270 150159 146146
13   109109 155182 384384 132132 197197 270276 150159 147147
13   108108 223223 212212 125125 197197 143143 153150 169169
13   109109 181181 599599 132132 197197 231231 159159 147147
13   109109 194194      0 131131 197197 250250 148148 159159
13   108108 155155 318392 131131 197197 270270 159159 146146
13   109109 155197 283283 132132 197197 264270 150150 147147
13   108108 155182 384481 131131 197197 261282 150150 143143
13   109109 200200 265265 126126 197197 269269 150150 146146
13   108108 182182 227227 132132 197197 270270 159159 158158
13   108108 206209 235235 132132 197197 233240 159159 155155
13   109109 226226 211211 125125 197197 142142 152152 169169
13   109109 223223 208208 125125 197197      0 152152 169169
13   108108 208208 213213 131131 197197 233233 150159      0
13   109109 223223 212212 125125 197197 142142 152152 169169
13   0 222222 212212 125125 197197      0      0 169169
13   109109 223223 212212 125125 197197 142211 152152 169169
13   108108 226226 212212 125125 197197 142142 152152 169169
13   109109 226226 212212 125125 197197 142142 152152 169169
13   108108 226226 211211 125125 197197 142142 152152 169169
13   108108 223223 212212 125125 197197 142142 152152 169169
13   109109 209209      0 132132 197197 234234 159159 160160
13   109109 226226 212212 125125 197197 142142 153153 168168
13   109109 193209      0 132132 197197 228231 159159 147182
14   108108 211211 228228 126126 188188 156156      0 169169
14   108108 211211 228228      0      0      0      0 162163
14   109112 184184 276276 131131 197197 337337 159159 159159
14   0 218218 218228 128131      0      0      0      0
14   108108 211211 218218 126126 188188 127127 153153 169169
14   107107 211211 218218 125125 188188 126126 153153 169169
14   108108 208208 215215 125125 188188 127127 150150 169169
14   109109 177177 224224 126126 197197 279279      0 163163
14   108108 214214 221221      0 188188 126126 153153 168168
14   107107 215215 218218 125125 188188 126126 153153 168168
14   108108 211211 215215 125125 188188 126126 153153 169169
14   108108 207207 215215 125125 188188 126126 153153 168168
14   107107 212212 215215 125125 188188 127127 153153 168168
14   108108 201201 227227 125125 188188 155155 153153 160160
14   108108 211211 228228 125125 188188 156156 153153 169169
14   115115 226226 217217 125125 197197 146146 153153 172172
14   107107 211211 218218 126126 188188 126126 153153 168168
14   108108 210210 218218 125125 188188 126126 153153 168168
14   108108 211211 227227 126126 188188 156156 153153 169169
14   107107 210210 218218 125125 188188 126126 153153 168168
14   107107 210210 227227 125125 188188 155155 153153 168168
14   108108 207207 227211 125125 188188 156156 153153 169169
14   107107 211211 227227 125125 188188 156156 153153 169169
14   109109 199199 211211 131131 198198 233233 153153      0
14   107107 211211 227227 125125 188188 156156 153153 169169
14   108108 211211 227227 125125 188188 155155 153153 169169
14   112112 161170 334334 132132 191191 256256 159159 163163
14   112112 164164 223247 132132 200200 305305 159159 163163
14   107107 210210 227227 125125 188188 156156 153153 169169
14   112112 290290 379379 125125 197197 214214 150150 163163
15   109109 155158 215215 126126 200200      0 149149 169169
15   112112 170170 235235 132132 191191 231231 150150 163163
15   112112 161161 217217 131131 191191 175175 150150 160160
15   115115 193218 217220 125125 197197 143214 152152 172172
15   112112 170170 334334 131131 191191 279279 158158      0
15   112112 160160 363363 131131 191191 174174 149149 160160
15   115115 230230 217217 125125      0 145145 152152 173173
15   112112 161161 218383 131131 191191 174174 150150 160160
15   112112 160160 217217 132132 191191 174174 165165 160160
15   115115 193193 220220 125125 197197 295295 152152 163172
15   112112 161161 460460 131131 191191 174174 150150 160160
15   112112 161161 396396 131131 191191 174174 150150 160160
15   112112 161161 388388 131131 191191 180180 150150 160160
15   109109 220220 233233 125125 197197 129129 152152 166166
15   112112 161161 247247 131131 191191 174174 165165 160160
15   112112 176194 375415 131131 191191 146153 159159 164164
15   112112 161161 255255 131131 191191 174174 150150 160160
15   109109 211211 213213      0 197197 214214 153153 160160
15   109112 167170 337397 132132 191197 234293 150159 148148
15   112112 161161 216216 131131 191191 174174 150150 160160
15   109109 220220 215215 125125 197197 171171 152152 166166
15   112112 173173 221248      0 191191 171171 150150      0
15   112112 160160 399399 131131 191191 174174 149149 160160
15   109109 212212 213213 125125 198198 211211 153153 163163
15   106106 129129 213213 127127 179179 387387 149149 144144
15   115115 193193 220220 125125 198198 157157 152152 172172
15   115115 180230 217217 125125 197197      0 149149 172172
15   112112 155155 230230 126126      0 174174 152152      0
15   109109 205205      0 126126 198198 134134 152152 166166
15   107107 208208 211211 125125 197197 136136 152152 166166
15   112112 158158 233233 126126      0 172172 152153      0
15   109109 220220 215215 125125 197197 171171 152152 166166
15   112112 161161 214216      0 191191 174174 150150      0
15   112112 161161 218218 131131 191191 174174 150150 160160
15   112112 161161 200218 131131 191191 174174 150150 160160
15   109109 219219      0 131131 197197 294294 150150      0
15   112112 160160 343363 131131 191191 174174 149149 160160
15   112112 160160 212212 131131 191191 174174 146147 160160
15   112112 160160 212212 131131 191191 174174 146146 160160
15   112112 170170 218218 131131 191191 293293 159159 173173
15   111111 160160      0 131131      0 117117      0 160160
16   115115      0 220220      0 197197 228228 153153 172172
16   109109 155155 294294 125125      0 143143 159159 166166
16   109109 167167 274274 131131 197197 171171 150150 171171
16   109109 166166 274274 131131 197197 171171 150150 172172
16   109109 167167 274274 131131 197197 165171 150150 172172
16   109109 223223 212212 125125 197197 142142 149149 169169
16   108108 170170 274274 131131 197197 136164      0 172172
16   109109 223223 212212 125125 197197 162162 153153 169169
16   107107 201201 227227 125125 188188 129129 153153 169169
16   109109 223223 212212 125125 197197 143143 153153 169169
16   109109 223223 212212 125125 197197 142142 153153 169169
16   111111 158161      0 131131 199199 305305 159159 167167
16   109109 151151 388388 131131 204204 156156 150150 163163
16   109109 166166 274274 131131 197197 171171 155155 172172
16   109109 223223 212212 126126 197197 143143 153153 169169
16   115115 226229 217217 125125 198198      0 153153 173173
16   109109 223223 212212 125125 198198 142142 153153 169169
16   108108 223223 212212 125125 199199 142142 153153 169169
16   108108 224224 212212 125125 197197 143143 153153 169169
16   109109 223223 229229 126126 197197 142142 154154 169169
16   108108 223223 211211      0 197197 142142 153153 169169
16   109109 227227 212212 125125 197197 142142 153153 168168
16   109109 151151 388388 131131 204204 138138 150150 163163
16   109109 200200 593593 132132 197197 218218      0 146146
16   109109 223223 211211 125125 195195 142142 153153 169169
16   109109 223223 212212 125125 198198 142142 153153 169169
16   109109 223223 212212 125125 197197 142142 153153 169169
16   109109 226226 211211      0 197197 142142 153153 169169
16   109109 223223 212212 125125 147147 142142 153153 169169
16   109109 223223 212212 125125 197197 284284 153153 169169
16   108108 223223 212212 125125 157157 142142 153153 169169
16   109109 224224 212212 125125 197197 143143 153153 169169
16   108108 223223 212212      0 197197 142142 153153 169169
16   108108 223223 212212 125125 197197 142142 153153 163169
16   115115 193193 220220 125125 197197      0 153153 172172
16   109109 226226 212212 125125 198198 142142 153153 169169
16   112112 170170 334334 132132 191191 279279 160160 160160
16   112112 154154 230230 125125 189189 221221 153153 162162
17   108108 172172 505505 131131 197197 261261 149149 147147
17   108108 166166 491495 125125 197197 246246 150150 148148
17   109109 166166 491491 126126 197197 246246 150150 148148
17   109109 166166      0 131131 197197 237237 150150 148148
17   109109 166166 330330 131131 197197 233233 149149 147147
17   111111 163163      0 131131 200200 305305 159159 164164
17   108108 166166 332332 131131 197197 234234 150150 147147
17   109109 189189 243243 131131 194194 256256 150150 157157
17   108108 166166 195243 131131 194197 196233 150150 147157
17   108108 171194 355355 125131 194197 208252 150174 147157
17   108108 166166 337337 125125 197197 202202 150150 147147
17   107107 169169 337337 125125 197197 230230 149149 172172
17   109109 167167 337337 125131 197197 234247 150150 148148
17   109109 167167 499499 126126 197197 247247 150150 148148
17   108108 166166 496496 125125 197197 246246 150150 147147
17   108108 166166 498498 125125      0 246246 150150 147147
17   109109 168168      0      0 200200 177177 150150 169169
17   109109 167167 337338 131131 197197 236236 150150 148148
17   108108 182182 394391 125125 197197 174174 150150 160160
17   109109 167167 216216 131131 197197 202202 150150 160160
17   109109 183183 394394 125125 197197 174174 149149 160160
17   112112 161161 303306 131131 191191 299299 150150 154154
17   109109 172172 226226 126126 197197 218218 150150 156156
17   109109 166166 289289 125125 197197 201201 150150 147147
17   109109 183183 397397 125125 197197 174174 149149 160160
17   109109 182182 391391 125125 197197 174174 149149 160160
17   112112 169169 333333 131131 191191 255334 158158 147147
17   109109 187187 338338 126126 194194 258258 150150 172172
17   109109 188188 350350 126126 197197 202202 150150 160160
17   109109 167167 347347 125125 197197 202202 150150 160160
17   109109 167167 350350 125125 197197 202202 150150 160160
17   109109 157157 340340 125125 197197 246246 149149 148148
17   109109 186186 340340 125125 197197 201201 150150 160160
17   109109 186186 341341 125125 197197 201201 149149 160160
17   109109 185185 338347 125125 197197 201201 149149 160160
17   108108 185185 340340 125125 197197 201201 149149 160160
17   109109 163163 340340 125125 197197 201340 149149 160160
17   109109 188188 337460 131131 197197 202202 150159 160160
17   100100 188188 223223 125125 197197 201223 149152 160160
17   108108 167167 337337 125125 197197 237237 150150 171171
17   109109 167167 247247 131131 197197 246246 174174 148148
17   108108 186186 337337 131131 197197 201201 150150 160160
17   109109 218222      0 132132 197197 293293 149149      0
18   109109 169169 231231 126126 197197 282282 150150 163163
18   109109 169181 228228 125125 197197 214258 150150 163163
18   109109 177177 228228 125125 197197 205205 150150 163163
18   109109 177177 228228 125125 197197 278278 149149 163163
18   109109 177177 229229 125125 197197 275275 149149 161161
18   109109 168168 228228 125125 197197 264264 150150 163163
18   109109 177177 224224 125125 201201 272284 150150 163163
18   109109 183183 224224 125125 197197 236236 149149 160160
18   109109 159168 212230 125125 197197 272281 149149 162162
18   109109 169169      0 125125 197197 270270 150150 163163
18   109109 171171 225225 126126 197197 284284 150150 162162
18   109109 168168 225225 125125 197197 273273 150150 163163
18   109109 177177 225225 125125 197197 273273 150150 163163
18   109109 168174 227227 125125 197197 221284 150150 163163
18   109109 159174 212228 125125 200200 273284 150150 163163
18   108108 159159 212212 125125 197197 270272 150150 163163
18   108108 168168 228228 125125 197197 261261 150150 163163
18   109109 168177 225228 126126 198198      0 150150 163163
18   109109 177177 231231 126126 198198 265265 150150 163163
18   109109 178178 231231 126126      0 218265 150150 163163
18   108108 168168 225225 125125 197197 230233 150150 162162
18   108108 159159 212212 125125 196196 272272 150150 163163
18   108108 159159 211211 125125 196196 272272 150150 163163
18   108108 170170 224224 125125 197197 284284 150150 163163
18   108108 160160 225225 125125 197197 258258 150150 163163
18   108108 167183 225225 125125 197197 269287 150150 163163
18   108108 183183 224224 125125 197197 269269 150150 163163
18   109109 177177 227227 125125 197197 284284 150150 162163
18   108108 163163 340340 125125 200200 201201 150150 160161
18   112112 196196 196196 131131      0 208208 159159 163163
18   108108 177177 224224 125125 200200 239239 150150 162162
18   108108 177177 224224 125125 197197 273273 150150 163163
18   109109 168168 224224 125125 200200 287287 150150 162162
18   108108 177177 228228 125125 197197 276276 150150 163163
18   108108 177177 228228 125125 197197 278278 150150 162162
18   108108 176176 227227 125125 197197 258258 150150 163163
18   108108 168168 221211 125125 200200 230230 150150 162163
18   109109 168168 228228 126126 198198 259259 150150 162163
18   108108 177183 228228 125125 197197 230230 150150 162162
18   108108      0 228228 125125 197197 218218 150150 162162
18   108108 168168 225231 125125 197197 267267 150150 163163
18   108108 180180 222222 126126 197197 202202 150150 163163
18   108108 177177 231231 125125 197197 266266 150150 162162
18   109109 180180      0 125125 197197 249249 150150 162162
18   108108 176183 224228 125125 197197 214275 150150 163163
18   108108 169178 225225 125125 197197 218218 150150 162162
18   109109 169169 213228 126126 150150 217217 150150 162162
18   108108 178178 228228 125125 197197 276276 150150 162162
18   109109 169181 213228 125125 197197 281281 150150 162162
19   108108 169199 437464 125125 191197 152152 139159      0
19   109109 205205 344344 131131 197197 250253 152152 161161
19   112112 202202      0 131131 197197 273273 150150 164164
19   0 202202 220220      0 196196 135135 152152      0
19   112112 205205 344344 132132 197197 274279 149149      0
19   0 202202 213227 131131 197197      0      0      0
19   108112 189214 216216 125125 206206 146146 149152 157169
19   111111 199202 199202      0 197197 272272 150150 161161
19   111111 205205 206206 131131 197197 275275 150150 163163
19   111111 202205 206206 131131 197197 278278 150150 158158
19   112112 199199 215215 131131 197197 273273 150150      0
19   109112 205205 344344 131131 191191 252272 149152 147147
19   112112 206206 225225 131131 191197 284284 149149 179179
19   112112 199199 216216 131131 197197 270270 150150 186186
19   111111 199199 200200      0 197197 278278 150150      0
19   112112 206206 220220 131131 197197 278278 150150      0
19   112112 169169 215215 131131 197197 267267 150150 166166
19   112112 169169 228228 131131 191191 211211 150150      0
19   112112 169169 344344 131131 191191 263263 149149 147147
19   112112 196196 209209 131131 197197 272272 150150 164164
19   112112 202202 201201 131131 191191 217217 149149 155155
19   108108 169169 490490 131131 197197 264264      0      0
19   0 193193      0 131131 197197      0      0 159159
19   109109 202202 350350 125125 197197 168168 149149 163163
19   109109 203203 350350 125125 197197 168168 149149 163163
19   109109 183183 172172 131131 197197 252252 152152 170170
19   112112 205205 344344 131131 191191 273273 149149 154154
19   112112 208208 586601 131131 197197 267272 149149 154154
19   112112 209209      0 131131 197197 267267 150150 162162
19   111111 208208      0 131131 197197 243243 150150 162162
19   112112 202202 495495 131131 191191 269269 149149 154154
19   112112 203203 217217 125125 191191 165165 150150      0
19   111111 196196 211211 131131 197197 267267 153153 147147
19   112112 196196 268268 131131 197197 267267 150150      0
19   112112 199202 488488 131131 197197 267272 150150 157157
19   112112 123123 217217 131132 191191 270270 150150 154154
19   111111 199199 199199 131131 197197 278278 150150 164164
19   112112 208208 174174 131131 191191 275275 150150 165165
19   112112 199199 344344 131131 197197 275279 149149 164164
20   109109 211211 213213 125125 197197 215215 153153 163163
20   109109 208208 213213 125125 197197 216216 153153 163163
20   109109 166166 209209 131131 197197 168168 149149 172172
20   0 211211 213213 125125 200200      0 153164 163163
20   109109 211211 213213 126126      0      0 153153 163163
20   109109 209209 213213 126126 197197 212212 153153 162162
20   109109 209209 213213 126126 197197 212212 153153 162162
20   109109 211211 213213 126126 197197 215215 153153 163163
20   108108 198198 213213 125125 200200 211211 153153 163163
20   109109 211211 213213 126126 200200 215215 153153 163163
20   109109 211211 213213 125125 197197 217217 153153 163163
20   109109 211211 213213 126126 197197 215215 153153 160161
20   109109 260260 213213 125125 200200 162162 153153 163163
20   109109 208208 213213 126126 197197 214214 153153 162162
20   109109 259259 210210 125125 197197 152152 152152 163163
20   109109 211211 213213 126126 197197 153153 152153 163163
20   108108 212212 213213 125125 197197 215215 153153 162162
20   109109 259259 212212 125125 197197 152212 152152 163163
20   109109 211211 213213 126126 197197 215215 152153 163163
20   109109 211211 235235 126126 197197 214214 153153 162162
20   108108 212212 212212 126126 198198 215215 153153 162162
20   109109 212212 213213 125125 197197 215215 153153 162162
20   109109      0 205211      0 194194 215215 153153 163163
20   109109 210210 213213 125125 197197 214214 153153 163163
20   109109 207207 212212 125125 197197 152152 152152 163163
20   115115 230230 217217 125125 197197      0 152153 173173
20   109109 207207 212212 125125 197197 211211 153153 163163
20   112112 160160      0 131131 191191 174174 150150 160160
20   109109 209209 213213 126126 197197 212212 153153 163163
20   109109 211211 213213 125131 197197 214214 153153 157157
20   109109      0 213234      0 194194 215215 153153 163163
20   108108 208208 259259 126126 198198 166166 153153      0
20   109109 155206 215215 126126      0 143143 153153 166166
20   109109 211211 213213 126126 197197 215215 153153 162162
20   109109 211211 213213 126126 197197 217217 153153 163163
20   115115 193218 217220 126126 197197      0 152152 163163
20   109109 170170      0 126126 197197 140140 150150 163163
20   109109 214214 212212 125125 197197 211211 153153 163163
20   109109 214214 213213 125125 197197 211211 153153 163163
20   109109 210210 213213 125125 197197 152152 153153 163163
20   109109 210210 212212 125125 198198 214214 153153 163163
20   108108 210210 213213 125125 200200 214214 153153 162162
20   115115 193193 220220 125125 197197 225225 152152 172172
20   109109 211211 213213 126126      0 215215 152152 163163
20   109109 211211 213213 126126 197197 215215 153153 162163
20   109109 151151 209209 132132 204204 240240 151151 163163
20   108108 210210 212212 125125 197197 214214 153153 163163
20   108108 210210 213213 125125 197197 214214 153153 163163
21   108108      0 224224 131131 204204 171171 153153 163163
21   108108 203203 202270 125125 197197 224224 159159 168168
21   112112 211217 221244 125125 206206 138156 152152 156156
21   112112 196196 214214 134134 191191 202202 159159 172172
21   108108 182182 171171 131131 197197 171171 153153 169169
21   112112 198198 214214 131131 188188 146146 159159 169169
21   108108 182196 172214 131134 191197 171224 153159 169169
21   112112 199199 213213 134134 188188 172172 159159 169169
21   109109 181181 172172 132132 197197 171171 153153 163163
21   112112 195195 213213 134134 191191 171171 158158 172172
21   112112 164167 355355 131131 197197 290290 159159 163163
21   112112 164164 355355 132132 197197 291291      0 160160
21   118118 196196 171171 125125 197197 236236 152152 163163
21   112112 165165 355355 132132 198198 290290 159159 163163
21   112112 183183 469489      0 197197 243243 150150      0
21   112112 183183      0 125125 197197 244244 150150 151151
21   109109 182182 172172 132132 197197 171171 153153 163163
21   0 181181 172172 135135 200200 179179      0 163163
21   118118 230230 221221 126135 197197 234234 153153 163163
21   109109 182182 172172 132132 191191 171171 153156 169169
21   109109 181181 165165 131131 197197 171171 153153 163163
21   111111 170170 466466 125125 191191 153153 159159 165165
21   112112 187187 224378      0 184187 152152 153153      0
21   112112 191191 409409 126126 191191 153153 160160      0
21   109109 182182 172229 132132 197197 171171 153153 169169
21   110110 192192      0 125125 191191 153153      0 167167
21   112112 170170 466472      0 191191 153153 159159      0
21   112112 182192 209209      0 191191 174174 151151 163163
21   111111 199199      0 131131 191191 224224 159159 163163
21   0 198198 213213 134134 188188      0      0 170170
21   108121 202211 216216 125131 206206 150162 153153 154157
21   109109 202202 214214 132135 191191 198224 153159 170170
21   108108 199199 213213 126126 188193 171171 153153      0
21   112112      0 478478 126126 197197 240240 150150 151151
21   109109 182182 220220 132132 197197 171171 153153 168168
21   109112 181195 172214 134134 191191 201201 153153 170170
21   112112 157157 233233 126126 188188 186186 153153 162162
21   109109 200200 254254 131131 191191 171171 153153 169169
21   0 151151 229229 131131 204204      0      0 162162
21   112112 182182 466466 125125 197197 246246 149149 151151
21   109109 196196 171171 131131 197197 171171 152152 169169
21   112112 170170 355355      0 184184 290290 159159      0
21   0      0 220220      0 200190 171198 152158 169172
21   108108 199199      0 131131 191191 171171 153153 169169
21   109109 181181 172172 132132 197197 172172 153153 166169
21   118118 181181 171171 134134 197197 285285 153153 162162
22   108108 213213 258258 125125 197197 165165 153153 172172
22   108108 208208 240240 125125 198198 165165 153153 172172
22   107107 205205 233270 125125 197197 133133 153153 172172
22   108108 217217 258258 125125 197197 168168 153153 173173
22   108108 202221 215215 126126 198198 172172 152152      0
22   106106 129129 213213 127127 194194 357357 150150 144144
22   098098      0 261261 125125 197197 201201 153153 172172
22   108108 218218 270270 125125 197197 165165 153153 172172
22   115115 230230 217217 126126 197197 169169 152152 173173
22   108108 214214 258258 125125 197197 168168 152152 138138
22   108108 217217 270270 125125 200200 165165 154154 172172
22   108108 218218 265265 126126 197197 166166 152152 172172
22   108108 217217 262262 125125 197197 168168 153153      0
22   108108 208208 215215 126126 200200 171171 153153 169169
22   109109 220220 237237 126126 198198 129129 153153 166166
22   112112 161161      0 131131 191191 175175 150164 160160
22   109109 223223 209209 125125 198198 139139 153153 169169
22   108108 216216 258258 125125 197197 171171 152152      0
22   109109 220220 217217 125125 198198 132132 153153 166166
22   108108 217217 259259 125125 197197 165165 152152      0
22   108108 220220 233233 125125 197197 129129 152152 166166
22   109109 221221 205205      0 197197 129129 151151 166166
22   109109 154154 217303 125125 197197 135135 146146 166166
22   108108 202202 215215 126126      0 172172 152152 169169
22   108108 201201 215215 125125 197197 171171 153153 168168
22   109109 219219      0 132132 197197 296296 149149      0
22   116116 131170      0      0      0 140140 158158 164164
22   109109 220220 215215 126126 197197 172172 153153 166166
22   115115 218218 217217 125125 197197 227227 152152 172172
22   109109 153153 205205 126126      0 141141 152152 166166
22   112112 161161      0 131131 191191 118118 164164 160160
22   0 260260 213213 126126 197197      0 152152 163163
22   107107 207207 258258 125125 197197 165165 153153 161161
22   112112 163163 230230 125125 188188 159159 153153      0
22   0 260260 213213 126126 197197      0 152152 163163
22   108108 217217 261261 125125 197197 171171 153153 172172
22   108108 220220 239239 125125 198198 165165 153153 172172
22   109109 205263 213213 126126 197197 153153 152152 163163
22   109109 220220 203203 125125 198198 129129 153153 166166
22   112112 164164 430430 126126 191191 202202 158158 182182
22   0 202202      0 126127 191198 143143 152152 166166
22   109109 167167 250250 132132 198198 235235 149149 172172
22   108108 217217 265265 125125 197197 165165 152152 172172
22   107107 217217 261261 125125 197197 171171 152152 172172
22   108108 217217 264264 126126      0      0 153153 172172
23   111111 184184 375375 131131 177177 153156 159159 163163
23   112112 185185 343343 135135 191191 156156 159159 163163
23   111111 184184 346346 134134      0 153156 159159      0
23   112112 181181 207207      0 191191 152152 149149 163163
23   112112 184202 203433 131131 191191 153153 150160 166166
23   112112 184184 408408 131131 191191 270270 150150 157157
23   111111 184184 424424 131131 191191 146146 159159 163163
23   118118 146147 303306 126126 194194 106106 171171 159159
23   109109 158203 234258 131131 197197 126139 150150 166166
23   109109 182182 243243 126126 197197 146146 150150 160160
23   111111 202202 202434 131131 191191 153153 159159 166166
23   111111 190190 436436 131131 191191 269269 159159 160170
23   112112 183183 324324 131131 191191 152152 158158 163163
23   111111 184184 390390 131131      0 156156 159159 163166
23   109109 185194 218258 126132 197197 140153 150150 163163
23   111111 184184 342342 134134 191191 156156 159159 146163
23   112112 188188 231437      0 191191 146146 159159      0
23   112112 190190 414414 131131 191191 146146 149149 162162
23   0 184184 399399 131131 191191 149149      0 163163
23   112112 184184 363363 131134 191191 152155 149158 163163
23   112112 188194 334355 132132 192192 143153 150150 163163
23   112112      0 390390 131131 181191 153153 159159 163163
23   111111 190193 333333 131131 191191 153153 159159 163163
23   111111 185185 390390 131131 191191 156156 159159      0
23   112112 193193 349349      0 191191 153153 150150      0
23   112112 193193 427427 131131 191191 146146 149149 147147
23   112112 184184 384384 131134 191191 155155 158158 147147
23   112112 185194 364415 131134 191191 149153 159159 163163
23   109109 158158 234258 131131 197197 139139 149149 163163
23   112112 185185 343343 131131 191191 156156 159159 156156
23   112112 184184 370370 131131 191191 155155 158158 147147
23   112112 185185 387387 135135 191191 157157 159159 147147
23   112112 184184 340340 134134 191191 149149 159159 166166
23   112112 185185 387387 134134 191191 150150 159159 158158
23   112112 185185 352352 134134 191191 156156 159159 161161
23   111111 185185 327327 131131 191191 160160 159159 160160
23   115115 260260 217217 126126 197197 167167 153153 166166
23   111111 190190 423423 135135 183192 142142 150150 141141
23   112112 184184      0 132132      0 150150 159159 144150
23   109109 188188 273273 126126 198198 143143 151151 160160
