20 7 411 3
Loc_1
Loc_2
Loc_3
Loc_4
Loc_5
Loc_6
Loc_7
1   0 229229 228228 308316 294306      0 341341
1   0 219219 230232 312312 310310      0 341341
1   0 219221 228230 312316 304306      0 341341
1   0 219221 230230 308314 300300      0 341341
1   0 229229 228228 312314 310310      0 341341
1   0 217219 232232 312324      0      0 341341
1   0 217217 232232 316324 304304      0 341341
1   0 217217 216228 314314 310310      0 341341
1   0 219219 228242 312312 306310      0 341341
1   0 219219 228242 314314 302310      0 341341
1   0 219221 228242 314314 300302      0 341341
1   0 219219 232232 314314 310310      0 341341
1   0 217219 216226 316328 302318      0 341341
1   0 219219 226226 304312 310326      0 341341
1   0 221221 230232 304304 318318      0 341341
1   0 219221 230232 314314 302312      0 341341
2   367367 219221 228228 304344 300310      0 341341
2   361367      0 228242 304324 306306      0 341341
2   361367 219221 230230 312314 304304      0 341341
2   367367 219221 228228 308314 298308      0 341341
2   367369 221221 228230 304304 306308      0 341341
2   367369 219219 228228 314324 310316      0 341341
2   379383 217217 228230 310314 300306      0 341341
2   367367 219219      0 312314 306312      0 341341
2   367367 219221 228228 304314 302306      0 341341
2   361369      0 228232 304324 304306      0 341341
2   0 219219 230242 312314 306314      0 341341
2   373395 219221 228228 308314 300312      0 341341
2   367383 219219 228232 304304 300312      0 341341
2   359369 219219 228228 314324 318324      0 341341
2   0 217219 230244 310314 310318      0 341341
2   0 219219 228242 312314 300302      0 341341
3   367367 219219 226240 312316      0      0 341341
3   367367 219221 228228 316316 302318      0 341341
3   367369 219219 228244 312314 296310      0 341341
3   367383 221221 228228 306306 304310      0 341341
3   367383 219225 232242 304304 310310      0 341341
3   367367 219221 228230 310310 304310      0 341341
3   367369 219219 228232 314316 310310      0 341341
3   359367 221221 228230 306324 306310      0 341341
3   367367 221221 228230 306316 310310      0 341341
3   375387      0 228228 308316 302306      0 341341
3   0 219219 228228 304312 306310      0 341341
3   367369 221221 228228 306314 306306      0 341341
3   367367 221233 228230 306308 310310      0 341341
3   0 219221 228232 308316 306310      0 341341
3   367387 219221 228240 304306 306306      0 341341
3   369369 219221 242242 310312 302302      0 341341
4   367367 219233 232242 304306 300310      0 341341
4   367367 219219 228228 312316 306310      0 341341
4   0 217219 230244 308316 304310      0 341341
4   367367 219219 228228 306314 302310      0 341341
4   367367 219219 228228 312312 296306      0 341341
4   367367 217217 230232 306308 308308      0 341341
4   367367 219221 232232 306312 302302      0 341341
4   367367 219221 228228 306306 306308      0 341341
4   367367 219233 232242 306316 302302      0 341341
4   367367 219233 228232 316316 306310      0 341341
4   367367 217219 228230 312316 302304      0 341341
4   367369 217217 228228 306306 310310      0 341341
4   367367 217219 218228 306312 300310      0 341341
4   367367 217219 228230 306316 306310      0 341341
4   0 219219 228244 314316 302302      0 341341
4   0 219221 228232 312316 308310      0 341341
5   367389 217217 228232 306330 302302      0 341341
5   367389 217217 230230 304308 302304      0 341341
5   385389 217217 234250 304304 302302      0 341341
5   387389 217217 230248 310312 302304      0 341341
5   367385 217217 232248 312314 298322      0 341341
5   375391 217217 228228 306306 304306      0 341341
5   387391 219219 228230 308310 302306      0 341341
5   387387 217219 228242 308308 296308      0 341341
5   371389 217219 232232 306306 296306      0 341341
5   0 217217 230232 304306 306308      0 341341
5   367367 217219 228232 308316 296302      0 341341
5   367379 217217 228230 304310 302302      0 341341
5   367381 217217 228232 310310 302304      0 341341
5   367367 217219 232232 304304 306306      0 341341
5   389389 217217 228228 304310 302310      0 341341
5   387391 217217 228242 306308 302306      0 341341
6   367367 219219 228232 304304      0      0 341341
6   367367 219221 232242 306308 302306      0 341341
6   367367 219219 228230 304304      0      0 341341
6   361367 219219 228240 306312 302318      0 341341
6   0 219221 230240 304306 302302      0 341341
6   0 217219 228242      0 298310      0 341341
6   367367 219219 220228 304306 304306      0 341341
6   361367 219233 228230 304306 306306      0 341341
6   367367 217219 228228 304312 302304      0 341341
6   367367 219233 230234 310312 306308      0 341341
6   367367 217217 230230 304308 302314      0 341341
6   367367 219219 232242 308312 304314      0 341341
6   0 219219 230240 308314 302304      0 341341
6   367367 217217 230232      0 302302      0 341341
6   367367 219219 228228 306306      0      0 341341
6   367367 219233 230230 306310 298304      0 341341
7   367379 217217 228242 310310 304308      0 341341
7   0 217217 228242 302308 298308      0 341341
7   0 217217 228234 296302 298310      0 341341
7   383393 217217 222242 308310 304310      0 341341
7   387393 217217 234240 306308 308308      0 341341
7   369379 217217 222228 306330 302308      0 341341
7   367367 217217 226228 302322 304310      0 341341
7   367367 217217 228232 304306 304308      0 341341
7   367367 217217 222242 302310 304304      0 341341
7   367387 217217 232232 304304 304310      0 341341
7   363383 217217 228228 304312 304306      0 341341
7   367383 217221 228228 302306 308310      0 341341
7   383399 217221 228228 302330 302304      0 341341
7   379387 217217 226226 302308 310310      0 341341
7   387393 217217 226242 310310 308308      0 341341
7   361387 217217 234244 310312 298308      0 341341
8   0 217217 230248 302304 308308      0 341341
8   0 217217 230232 302304 312312      0 341341
8   0 219219 228232 306328 304322      0 341341
8   0 217217 236242 304304 300318      0 341341
8   0 217217 230232 302316 300308      0 341341
8   0 217217 232232 302304 302302      0 341341
8   0 217217 232232 308310 302320      0 341341
8   0 217219 232234 308308 302320      0 341341
8   0 217217 240242 302304 304318      0 341341
8   0 217217 222234 302330 306318      0 341341
8   0 217219 236248 302304 306322      0 341341
8   0 217217 240248 302302 302304      0 341341
8   0 217217 230230 302302 308312      0 341341
8   0 217217 230248 302302 302304      0 341341
8   0 217219 230232 302306 308312      0 341341
8   0 217217 230230 302308 308312      0 341341
9   367367 217217 230232 296304 304306      0 341341
9   367367 217217 230230 308308 304306      0 341341
9   377385 217221 232242      0 304312      0 341341
9   367367 217217 232232 306306 304308      0 341341
9   367367 217221 234248 310328 304304      0 341341
9   367385 217217 228228 304308 298304      0 341341
9   369385 217217 228232 304308 304306      0 341341
9   369385 217217 228230 302310 304304      0 341341
9   367385 217217 228232 304306 304306      0 341341
9   367385 217217 228248 302306 306306      0 341341
9   367367 217217 228228 304308 292304      0 341341
9   385385 217217 230230 306312 304304      0 341341
9   367367 217217 240244 312312 298312      0 341341
9   385385 217217 220244 302312 298306      0 341341
9   367385 217217 232244 306308 304312      0 341341
9   367385 217217 228244 304306 304304      0 341341
10   367381 217217 230250 302308 304304      0 341341
10   367367 217217 228228 302302 304308      0 341341
10   367367 217217 230230 306306 306308      0 341341
10   367381 217217 228232 304312 304306      0 341341
10   0 217217 228248 302310      0      0 341341
10   361367 217217 248248 308310 298306      0 341341
10   367367 217217 228232 306326 308314      0 341341
10   367367 217217 228242 304304 302304      0 341341
10   367367 217217 228230 304304 308308      0 341341
10   367367 217217 230230 304306 306308      0 341341
10   367367 217217 228230 302310      0      0 341341
10   367367 217217 232232 302326 304314      0 341341
10   0 217217 228254 302308      0      0 341341
10   367367 217217 232232 302308 308314      0 341341
10   0 217217 232248 302302 298298      0 341341
10   0 217217 228228 306308 304304      0 341341
11   367367 217217 232248 304304 298304      0 341341
11   367367 217217 228248 308308 298298      0 341341
11   367379 217217 230242 302304 302304      0 341341
11   367367 217217      0 302310 298304      0 341341
11   367367 217217      0 302306      0      0 341341
11   0 217217 230248 304304 302304      0 341341
11   367367 217217 228248 302304 298298      0 341341
11   367379 217217 228228 304306 304314      0 341341
11   0 217217 232242 304304 306312      0 341341
11   367385 217217 232242 308332 302308      0 341341
11   367367 217217 248248 304308 294306      0 341341
11   367367 217221 228232 304340 302306      0 341341
11   0 217221 228242 308308 298308      0 341341
11   367367 217217 228232 302312 298306      0 341341
11   367367      0 232240 304306 292304      0 341341
11   0 217217 230240 304312 306306      0 341341
12   0 217221 228230 302304 302312      0 341341
12   0 217217 232248 302304 302308      0 341341
12   0 217217 228230 302304 310310      0 341341
12   0 217217 232240 302304 298310      0 341341
12   0 217217 232240 304310 302304      0 341341
12   0 217217 232232 304332 304304      0 341341
12   0 217217 230232 304304 310310      0 341341
12   0 217219 228230 302304 302304      0 341341
12   0 217217 232232 302306 298306      0 341341
12   0 217217 230230 304304 304310      0 341341
12   0 217217 232244 308310 304304      0 341341
12   0 217217 228244 304306 304306      0 341341
12   0 217217 230232 302306 298302      0 341341
12   0      0 230230 302312 302306      0 341341
12   0 217217 228244 302304 298306      0 341341
12   0      0 228228 304304 306308      0 341341
13   361367 217217 238238 306308 302314      0 341341
13   367367 217217 228238 304310 296302      0 341341
13   367367 217221 238238 304306 302304      0 341341
13   395397      0 220228 304310 304304      0 341341
13   0 217233 220242 308308 296302      0 341341
13   0 219233 220228 304308 296304      0 341341
13   367373 217217 228228 312312 304306      0 341341
13   379395 217217 228240 306312 304304      0 341341
13   361397 217217 228242 310324 296300      0 341341
13   0 221221 236242 304308      0      0 341341
13   373379 217217 228242 306332 304304      0 341341
13   379395 217217 228228 332336 296302      0 341341
13   373397 221227 228232 308332      0      0 341341
13   373373 217219 232244 304308 296306      0 341341
13   361361 217217 236240 310314 296300      0 341341
13   0 217221 228228 310324 302304      0 341341
14   367375 217217 228242 314316 302306      0 341341
14   377383 217217 232232 306308 302306      0 341341
14   393403 217217 228230 308312 302306      0 341341
14   361375 217217 234240 304318 296302      0 341341
14   367389 217217 228230 304314 296302      0 341341
14   363369 217217 230234 304312 302310      0 341341
14   393395 217217 230230 308310 304308      0 341341
14   0 217217 230240 308314 300302      0 341341
14   0 217217 228228 306308 296302      0 341341
14   361361 217217 228240 304304 300306      0 341341
14   367367 217217 242242 314314 302304      0 341341
14   361367 217217 230242 304310 298302      0 341341
14   371379 217217 230240 306306 298298      0 341341
14   371397 217217 230242 304306 298310      0 341341
14   361375 217217 234240 304308 302302      0 341341
14   383403 217217 228240 304310 302306      0 341341
15   359379 217217 228230 304310 302302      0 341341
15   359375 217217 228244 304310 296302      0 341341
15   373373 217217 232248 304314 296306      0 341341
15   371401 217217 228230 304312 302302      0 341341
15   359375 217217 228242 304310 306306      0 341341
15   0 217217 242244 304312 300302      0 341341
15   373389 217217 242248 308310 300314      0 341341
15   0 217217 242242 308310 300306      0 341341
15   371387 217217 228242 304310 302310      0 341341
15   0 217229 242242 308310 302310      0 341341
15   389409 217229 242244 304312 302302      0 341341
15   361389 217217 232232 306316 296302      0 341341
15   375377 217219 242248 308310 302302      0 341341
15   373379 217217      0 306314 302306      0 341341
15   359379 217217 228230 304310 296304      0 341341
15   377377 217217 230240 310310 296296      0 341341
16   373409 217217 250250 310314 296302      0 341341
16   375391 217217 230242 304314 302304      0 341341
16   361367 217217 240244 310310 304304      0 341341
16   383399 217217 230240 306306 302302      0 341341
16   361389 217217 230230 304308 302302      0 341341
16   361367 217217 228230 304306 302304      0 341341
16   399409 217217 230230 306306 308308      0 341341
16   0 217221 230230 306310 304306      0 341341
16   361381 217217 230244 310312 302304      0 341341
16   375375 217217 230240 304308 296302      0 341341
16   375383 217217 232240 304304 302310      0 341341
16   367383 217217 230242 308314 300304      0 341341
16   365365 217217 230230 304306 302302      0 341341
16   367383 217217 230244 304314 302302      0 341341
16   367367 217217 230242 304306 296302      0 341341
16   365393 217217 230230 306310 302306      0 341341
17   361367 217217 220228 308314 300302      0 341341
17   0 217217 230244 306306 302304      0 341341
17   361373 217217 240242 306308 302308      0 341341
17   379385 217217 230248 304310 300306      0 341341
17   377379 217217 230230 304304 302306      0 341341
17   381385 217217 238240 308314 296302      0 341341
17   377393 217217 228228 304314 302304      0 341341
17   367373 217217 228248 304314 302304      0 341341
17   361361 217217 230248 306314 296304      0 341341
17   0 217219      0 310314 302302      0 341341
17   389407 217217 228248 310316 306306      0 341341
17   367377 217217 228242 304308 304304      0 341341
17   381391 217217 242244 308308 304310      0 341341
17   0 217217 230230 304314 302302      0 341341
17   0 217217 230248 304306 302304      0 341341
17   367409 217217 230230 304306 306310      0 341341
18   361361 217217 230230 306310 302304      0 341341
18   0 217217 230230 304304 296304      0 341341
18   371377 217217 224244 304332 300304      0 341341
18   405411 217217 230244 304314 302306      0 341341
18   367377 217217 228230 304306 302304      0 341341
18   0 217217 228228 306314 302302      0 341341
18   361379 217217 226228 308314 300304      0 341341
18   0 217217 228230 306308 298304      0 341341
18   0 217217 230230 310314 302306      0 341341
18   361371 217217 230242 308310 296306      0 341341
18   361395 217217 230230 310336 296304      0 341341
18   361361 217217 230230 310336 296304      0 341341
18   361367 217219 230234 310314 302306      0 341341
18   367371 217217 228234 308310 302314      0 341341
18   367371 217217      0 308314 292296      0 341341
18   371371 217217 230246 304304 302304      0 341341
19   367371 217217 230230 304304 296302      0 341341
19   377393 217217 228230 314314 300302      0 341341
19   369377 217217 230242 306312 296300      0 341341
19   0 217217 228228 298308 300302      0 341341
19   0 217217 228242 304330 302306      0 341341
19   367393 217217 240242 304310 302304      0 341341
19   361369 217217 230242 304314 300310      0 341341
19   367367 217217 244244 314314 302302      0 341341
19   359367 217217 228242 306308 304304      0 341341
19   0 217217 228242 304306 302304      0 341341
19   393393 217217 240244 304306 302304      0 341341
19   369393 217217      0 304306 302302      0 341341
19   361365 217217 220242 304308 302304      0 341341
19   367367 217221 230242 310310 302304      0 341341
19   369381 217217 230242 314314 296296      0 341341
19   361369 217217 228242 304314 296300      0 341341
20   361369 217217 228228 308334 308308      0 341341
20   0 217219 230230 308334 300302      0 341341
20   363395 217217 236236 304310 302302      0 341341
20   369383 217217 240242 304310 302302      0 341341
20   361367 217217 230242 304304 300302      0 341341
20   363403 217217 232248 304308 296304      0 341341
20   383405 217217 230248 304308 304304      0 341341
20   0 217217 228230 306310 302304      0 341341
20   361369 217217 242248 304308 302302      0 341341
20   391395 217217 242248 308308 302302      0 341341
20   0 217217 228242 304304 304306      0 341341
20   383383 217217 228244 304304 296302      0 341341
20   393395 217217 242248 310340 304304      0 341341
20   367381 217217 228230 304306 302304      0 341341
20   361381 217217 228230 304310 304306      0 341341
20   369377 217217 230230 304308 296302      0 341341
