26 8 317 3
Loc_1
Loc_2
Loc_3
Loc_4
Loc_5
Loc_6
Loc_7
Loc_8
1   256262 070070 260260 145183 174174 137147 172172 275275
1   256256 070070 264264 145157 178178 153153 170172      0
1   254256 070070 270270 145145 172178 143143 170170 275275
1   254266 070070 270270 145145 172172 137139 166166 291291
1   256262 070070 270270 151159 174178 141141 172172 275275
1   256256 068070 250260 145159 174178 143143 172172 267283
1   242256 070070 250260 145145 143155 143143 184198 279279
1   246258 070070 270278 141149      0 139145 172172 273283
1   268268 070070 250270 145145 174174 139139 166178      0
1   248266 068070 270270 155155 153176 139143 170196 273273
1   254262 070070      0 145157 157172 139143 160166 281281
1   240250 070070 264264 143145 159159 141153 166166 289307
1   252262 070070 266266 145153 167170 141141 164170 267267
1   244254 070078 264264 143183 188190 147147 172172 289289
1   256270 070070 262262 145145 143147 151151 172172 273281
2   276276 070070 266268 145155      0 137151 172172 291291
2   266268 070070 266266 143155 151151 137139 172172 265279
2   248260 070070 270270 147155 145147 139151      0 307307
2   248248 070070 270270 151153 143143 137143 172172 287287
2   248248 068090 270278 147155 141163 135135 164164 275277
2   248248 068070 268268 151167 180180 135147 208210 277277
2   246252 070070 266284 155155 159159 135135 168168 295295
2   250250 070074 262262 145159      0 139145 168168 275275
2   248248 068070 266278 151165 180182 143147 172172 315317
2   260274 070070 256292 147147 165165 139139 166172 277277
2   250250 068068 260260 151151 151153 147147 166166 265279
2   250250 070070 272278 145153 157163 135145 182210 281281
2   246248 070100 260266 149151 149149 135135 168168 271301
2   248272 068070      0 151167 145145 141141 172172 267267
2   244270 070070 274274 149149      0 147149      0 269269
2   246258 070070 268274 145149 180180 139147 164166 269269
2   244266 070100 278278 145145 163176      0 172172 277291
2   266266 070070 280280 167167 149182      0      0 269291
2   260260 068070 266266 159165 180180 137137 172188 285285
2   246254 070070 270270 137147 149149 135137 170184 265265
3   256256 070070 282284 153161 151165 135135      0 301301
3   256256 070098 276278 145161 180180 139153 172172 275275
3   256256 070098 276278 153157 151155 139159 172172 301301
3   244258 070100 266290 149161 151163 139139 168168 301301
3   256256 070098 266266 151173 143145 135161      0 275301
3   270270 070070 272272 161169 163170 139139 172172 275301
3   256256 070070 260260 151153      0 135155 172172 275301
3   256256 070070 266266 147155 149151 149149 172172 275275
3   256256 070098 266278 149149 151174 139153 172172 273273
3   244270 070098 270270 149153 151147 149149      0 275275
3   246266 070098 266266 155167 151157 159159 172174 275301
3   272272 070098 268268 147167 172172 135135 172172 275275
3   256266 070098 266266 153161 139139 137149 174196 267267
3   244264 070070 272272 161161 145145 139139 172172 275301
3   266266 070098 264264 153161 169169 161161 164166 269269
3   256256 070098 266272 149157      0 149149 172172 277277
3   256256 070098 266266 153153      0 149151 164164 277303
3   266266 070078 262266 153169 139139 143143 170170 303303
3   266266 070078 266266 153169 139139 149149 170170 303303
3   256256 070098 264278 147147 159163      0      0 301301
4   254266 070070 270270 155157 147147 149149 174174 275308
4   0 070072 262262 151155      0 149149 172172      0
4   0 070080 266276 161161 143143 159159 172172 287287
4   250250 070080      0 149149 147149 149149 172174 273273
4   0 070070 266270 155155      0      0 172172 273301
4   0 070070 262262 155157 145145 143143 172172 275275
4   0 070078 264270 151159 147147 149149 172172 269301
4   252252 070074 270270 151155      0 145145      0 265287
4   240240 070080 270270 149155 163170 143151      0 275275
4   0      0      0 157159 170170 151151 172172 273273
4   260260 070070      0 157157 145145 147149 172172 275275
4   0 070070 262272 155155 143167 151151 164172 299299
4   250258 070070      0      0 147147 153153 166168      0
4   0 070070      0 155155 139139 135151 204204 271305
4   0 070070 262270 157157 149159 151151 204204 273293
4   242250 070072 268276 155145 163163 151151      0 285305
4   260266 070070 264268 153175 176176 149149 166188 267295
4   268268 070080 264268 149155 145165 137145 174174 265303
5   0 070070 286268 151155 143143 157157 172172 273273
5   242244 070070 270290 153155 163163 137143 172164 269269
5   246252 070070 260292 151151 143143 137147 172172 271273
5   250250 070070 270290 149173      0 151153 172172 273273
5   246252 070070 270270 137149 155155 137157 172172 273273
5   246246 070070 270270 151155 167167 141157 172172 275275
5   252252 070070 262294 155155      0 139157 172172 273273
5   246246 070070 268290 147149      0 139155 172172 273273
5   252252 070070 270270 149163 139139 137147 168168 311311
5   246246 070070 270270 137149 141141 139151 172172 273273
5   246252 070070 258262 151153 147182 135145 172172 271273
5   250250 070070 258290 149151 159161 151151 172172 273273
5   250250 068070 262262 151153 147147 141145 172172 273303
5   246254 070070 262276 151151 167167 155155 172172 273273
5   246258 070070 276292 147151      0 155155 172172 273305
5   250252 070070 260260 151151 147147 141147      0 273273
5   254254 070070 270282 155157 147147 135135 166168 305305
5   266266 070070 266276 153153 147165 155155      0 273291
5   254266 070070 288290 147153 147155 151151 170170 256273
5   244248 070070 258262 157157 157157 153157 172172 275283
6   0 070070      0 149149 151151 137149 164164 275295
6   268270 070070 296296 151159      0 141151 174190 275275
6   260262 068100 264264 149157 163180 143151      0 275275
6   244260 070070 264264 149151 163180 151153 172172 275275
6   244260 070070 264264 147155 163163 141153 166168 277291
6   244256 068068 264264 153157 147147 137141      0 271271
6   244260 070070 266266 151153 137170 141141 172172 275275
6   264264 070070 262262 151157      0 143143      0 275275
6   264264 070096      0 153153 172172 149155 172174 275275
6   254266 070070 262262 151151 149151 139151 172172 307309
6   0 070100 260288 155157 145147 135145 172172 307307
6   0 068070      0 155155 178178 151151 172172 293293
6   0 068070 256264 165165      0 141145      0 265273
6   0 070070 270270 153167 137137 151151 172172 273273
6   0 070070 270270 153169 137139 151157 172172 273273
7   260262 068070 260272 151155 159167 137149      0 277277
7   252252 070070 260268 155159      0 147147      0 277285
7   262262 070070 260286 155157      0 137147      0 277277
7   246268 070070 260260 155165 169169 137149      0 297297
7   246262 068070 260260 155157      0 137147      0 299299
7   268268 070070 260286 155155      0 137153      0 277277
7   246250 072076 260268 155159      0 147147      0 287287
7   240258 070070 292292 155155 165165 137149 164164 275275
7   0 070100 264268 151151 139139 147159 172172 275275
7   266266 070072 266266 149167      0 151151 164164 275303
7   266266 070072 264264 147173      0 157159 164164      0
7   250266 070070 272292 159159      0 147147      0 277287
7   260264 070070 260260 149157      0 153153      0 299299
8   268268 070070 270270 155155      0 147147      0 275275
8   248248 070070 266266 155175 141165 135155 174174 275301
8   252256 068070 264268 155157      0 153153 164164 277277
8   246266 070100 264268 151173 149149 159159 168168 275301
8   266270 070070 274274 151151 143143 155155 174174 265265
8   268268 070070 284286 151151 135143 155155 166166 273273
8   262270 070070 268268 151155      0 143155 166168 265265
8   244264 070070 270290 147155 149149 155155 174174 265271
8   266266 070070 266266 147167 167182 147147 174174 275301
8   266266 070070 266266 147167 167182 147147 174174 275301
8   266266 070070 270270 151161 169169 139149 174174 267273
8   240246 070100 286286 147171 145145 157159 174174 275291
8   246266 070070 268270 147151 163163 147147 174174 273273
8   260270 070070 268268 151173 163163 147147 180180 273273
8   262270 070070 284284 151151 135135 147147 168168 273273
8   238266 070070 260270 151155 188190 149149 180180 275275
8   266276 070070 268270 147155 143143 149149 174174 289289
8   266266 070070 260270 151155 151151 135135      0 269271
8   266266 070070 286286 151151 143143 139159 174174 291291
8   266266 070070 268268 147155 143145 149149 174174 289289
9   266266 070070 266284 155167 176176 147149      0 265275
9   254254 070070 266270 147151 143143 149149      0 275275
9   242266 070070 254270 155171 167167 151151 172172 277277
9   240268 070070 264282 157167 165165 147147 174174 277277
9   244258 070070 268268 145149 147169 147147 174174 271277
9   272272 070070 264284 147157 147147 139159 174174 277277
9   266266 070070 260272 155167 151161 139139 166180 277277
9   266266 070070 268288 151171 159159 153153 174174 265277
9   266266 070070 266266 137155 176178 153155 166174 265265
9   254254 070070 260266 155155 149151 147147 166172 285285
9   244266 070070 260288 149155 139139 145145 168190 271275
9   242268 070070 254268 147151 165188 149149 164200 269269
9   244258 070070 270270 145155 147176 143155 166172 265277
9   270270 070070 268268 151165 145147 149149 174174 271271
9   266266 070070 268268 151165 143145 149149 174174 271295
9   244252 070070 270270 151155 178178 149149 164188 275277
9   238244 070070 268288      0 147165 143149      0 299299
9   244256 070070 288288      0 147147 145153      0 299299
9   256256 070070 288288 145155 178178 143153 168168 275275
9   238238 070070 262262 151155 167167 149149      0 269269
10   244244 070070 264270 155171 159172 139157 166166 275291
10   258258 070070 264270 145149 176176 157157 174174 275275
10   258258      0 264270 145149 176176 157157 174174 275275
10   244276 070070 270270 155171      0 149149 172172 275275
10   244258 070070 270270 149159 155155 147153 166166 283283
10   258258 070070 270270 145159 163176 149149 174174 275275
10   258258 070070 260270 147155 163182 151153 164172 287287
10   246258 070070 260270 147155 163182 153153 170170 287287
10   244272 070070 260260 147153 178178 151151 174174 275305
10   248248 070070 270270 153155 178178      0 166166 277277
10   244254 070070 270270 159161 163163 151151 164192 275275
10   244276 070070 264270 155171 159159 151151 174174 275275
10   244258 070070 260260 147153 178178 151151 174174 275305
10   244268 070070 260270 147155 163182 153153 170170 287287
10   244260 070070 264264 145155 170174 151153 198198 305305
11   254254 070070 272272 167169 161161 149151 172172 265265
11   256256 070070 276276 147155 174180 151153 166174 265273
11   244256 070070 264264 151155      0 145149 172172 265273
11   258274 070070 260270 145157 161161 151151 164168 273273
11   264264 070070 260260 151167 176176 145149 172172 277277
11   264266 070070 260260 151151 167174 145149 172172 277289
11   244244 070070 250250 145147 174174 149149 174174 277277
11   260268 070070 272272 167167      0 145145 168168 277277
11   260260 070070 288288 151151      0 139139 172172      0
11   254258 070070 268288 167167 161172 147149 172172 273273
11   248266 070070 270270 149173 153176 145149 174174 273273
11   246270 070070 270270 149183 174176 149155 174174 273273
11   238238 070070 266290 147151      0 149149 174174 265273
11   244254 070070 296298 151151 174174 141141 172172      0
11   244244 070070 266266 147155 135174 147151 172172 277277
12   252266 070070 272280 149173 157161 145145 166172 293293
12   244262 070070 270272 151151      0 147149 172172 277291
12   260266 070070 270270 145151      0 135147 168168 271275
12   248248 070070 260276 149151      0 135145      0 273291
12   252252 070070      0 151157 159180 153155 174174 271275
12   260266 070070 270276 145151 165180 147151 172172 271271
12   262262 070070 270270 151157 141147 141141 174174 273275
12   262262 070100 268268 147155 141174 145145 168168 273275
12   244254 070070 260268 149149 165178 151151 166166 273273
12   246252 070070 270270 151151 157159 147147 172172 277287
12   272278 070070 268268 177181      0 141145 166166 273273
12   244258 070070 268270 169169 176178 147147 188188 265265
12   254254 070070 268268 151161 165165 151151      0      0
12   242242 070070 262290 155169 157157 135135 190190 273273
12   240244 070070 288290 159161 145163 151151 166168 267267
13   242244 070070 260260 175175 151151 151151      0 269289
13   244252 070070 278278 151155 143161 139141 172172 273273
13   252252 070070 278278 153153 153165 135135 172174 273273
13   242252 070070 260260 167173 143143 135147 172174 273273
13   246246 070070 270270 151167 143143 151151 172172 303305
13   242242 070070 270284 155179 143143 149149 172172 273273
13   246264 070070 264264 149153 186186 149149 166172 265275
13   252268 070070 276276 143173 143170 135145 172172      0
13   238248 070070 268268 149149 165165 149153 166172      0
13   248272 070070 294296 155155 172172 139151 190190 271271
13   248248 070070 274274 143143 161161 135135 172172 265273
13   264274 070070 270270 143147 143143 151151 172172 273275
13   252252 070070 270270      0 159159 139139      0 265275
13   244254 070070 268270 149147 137176 145147 172172 275275
13   244256 070070 268268 151153 155155 135135 190190 275275
14   0 070070 284284 151155 180180 159159 164168 275275
14   262268 070098 278278 147159 149182 143151 164168 277277
14   252266 070070 272272 153153 157167 143143 168174 273297
14   0      0 294296 153153 182182 137151 172172 277277
14   246272 070070 278278 147153 147149 135135 172172 273273
14   252264 070070 270270 147153      0 143145 172172 289289
14   264264 070078 278296 153153 143159 143143 172172 277297
14   264264 070070 260298 149155      0 137137 172172 275275
14   244248 070070 260294 149151      0 137143 172172 273309
14   252266 070070 296296 155157 143143 137137 166166 277287
14   254254 070070      0 149155 161163 137151 172172 275275
14   266266 070070 260260 155157 147147 137143 172172 275277
14   248274 070070 260260 147153      0 135139 172172 275275
14   248252 070070 260278 134155 167167 135135 172172 275275
15   256256 070070 260262 149155 169169 145145 172172 267273
15   244256 070070 270270 155167 157157 135135 172172 275275
15   252252 070070 260270 151155      0 135135 166168 309309
15   254254 070070 270270 151153 147147 135149 174174 265277
15   268268 070070 270270 149155      0 149149 168210 309309
15   244260 070070      0 161175      0 135135 172196 307307
15   266266 070070 268268 151167 157163 135149 168168 267277
15   254254 070070 270270 159167 149149      0 172172 277277
15   254266 070086 266270 145157 157157 149149 168172 277277
15   260260 070070 270270 151151 161167 145149 172172      0
15   260260 070070 270270 155161 180180 135151 196196 301301
15   254254 070070 270270 155155      0 135149 172172 265265
15   264264 070070 278278 151163 153167 139139 172172 265265
15   272272 070070 248278 149149 169169 145149 172172 287287
15   242252 070070 260278 149151 161169 135155 198198 267267
16   254254 070070 286290 151161 153153 135135 166168 289289
16   246246 070070 286286 147149      0 145145 196196 289289
16   246246 070080 270270 151151 159159 147147 172172 275275
16   242266 070070 260286 149151 165165 141145      0 275275
16   254254 070070 268268 151151 159159 143151 172172 289291
16   242252 070070 266286 151151 170170 145151 174174 283283
16   252252 070070 286290 151157 153153 145145 174196 275275
16   248248 070070 282290 149157 161161 145145 170170 275279
16   254266      0 268286 151151 165167      0 172172 271271
16   248266 070070 270274      0 170170 145145 172172 283283
16   244244 070070 270286 157167 163165 141141 164164 273273
16   266266 070070 268270 149167      0 151151 174174 275275
16   242242 070070 266266 151167 157157 147151 168168 275283
16   250254      0 266276 151151      0 145151 174174 273283
16   244252 070070 272272 149151      0 151151 172172 283283
16   0      0 270270 151151 159159      0      0 275275
17   246252 070070 266280 149149 167167 149151      0 275275
17   252276 070070 264278 149181      0 135153 174174 307307
17   252276 070070 266278 149149 143165 151151 174174 275275
17   252252 070070      0 149149 161165 149149      0 275275
17   252252 068068 280280 149149 161163 149149      0 275275
17   246246 070070 276278 149163 143161 153153      0 275275
17   246246 070070 266266 149149 157170 151151 174174 275275
17   252254 068068 278278 149155 165165 141153 174174 275275
17   246246 068068 260260 143149 141159 135135      0 267267
17   252252 068068 278278 149163 143143 153153 174174 275275
17   254254 070070 272280 149161 163163 153153      0 275275
17   0 070070 276276 149149 143161 151151 174174 275275
17   252254 070070 266278 149163 143163 153153 174174 275275
17   252252 070078 278280 149149 163163 149151 174174 275275
17   246246 068070 266266 149149 145161 149153      0      0
17   0 068068 278278 149149 143163 151151 174174 269269
18   252270 070080 268268 149155 139139 147153 166166 277277
18   252252 070070 270270 149165 170170      0      0 277277
18   0 070070 268270 134155 172172 141141 164164 293306
18   0 070070 270270 147147 141141 149149      0 277277
18   252252 070080      0 179185 170170 141141 182182 277277
18   0 070070 262270 147149 174176 149149 174174 277277
18   262262 070070      0 134151 163163 141141 172172 275277
18   0 068070 270270 149151 163176 145145      0 277277
18   246246 070070 266266 134151      0 149149 180190 277293
18   250250 068070 270270 149167      0 139141      0 277277
18   258266 068068 264264 169179      0 143145      0 275275
18   258268 068068 262262 165167      0 151153      0 275277
18   272272 068068 262262 149167      0 147149 174174 277277
18   0 068068 266272 147165      0      0      0 277277
18   274274 068068 262270 145145      0 151151 172172 308308
18   260260 068068 260262 155155      0 151151 182182 277277
18   0 070070 270270      0 153153 165165 168172 275275
18   246266 070070 262262 149165 163165 149149 194194 269293
18   244274 070070 262270 155185      0 149149 166166 291291
19   0 070080 266266 149195      0 137143 162172 269269
19   244252 070070 266270 175195      0 145145 188188 275275
19   244252 068068 266266 181185      0 143145 166168      0
19   0 068068 266266 149149      0 149149      0 275293
19   246246 068068 266270 167175      0 137137      0 275275
19   274274 068068 262262 149149      0 149149      0 275275
19   246264 068068 266266 175191 174174 145145 166172 267275
19   0 066068 262270 183191      0 145145 174174 267267
19   0 070070 266266 149185      0 145145 174174 275293
19   256258 070070 270270 149191      0 155155 170172 269269
19   0 070070      0 149149      0 143143 174174 275275
19   258258 070070 266266 167167      0 137153      0      0
19   256258 070070 262262 167175      0 153153 168170 275293
19   240266 070070 270270 149149 167167      0      0      0
19   252252 070070 266266 149195      0 137153      0      0
19   0 068068 270270 167183      0 145145 172172 275293
20   252260 070070 262266 167167 143143 139141 178178 265297
20   0 070070 270270 151167      0 135147      0 277309
20   0 070070 260266 149165      0      0 172174 281297
20   250266 070078 268268 161167 163170 153153 174174 277277
20   256256 070070      0 145145 141141 135135 172172 277277
20   258268 070070 268274 151163      0 151151      0 277277
20   244250 070070 282282 145155      0 151151      0 277277
20   252260 070070 274274 149149      0 135135 174174 277277
20   248260      0 274274 175177 176178 141151 174174 277297
20   260260 070104 266268 167167 147147 153153 176176      0
20   248248 078078 254272 179179 180180 149149 174174      0
20   252260 070070 268270 179179 180180 143143 174174      0
20   248266 070070 276276 145165 167167 151151 174174      0
20   260260 070070 268268 173181 174182 143149 174174 277277
20   254254 070070 268268 163167 165169 143143 174174 277307
21   256256 068070      0 149149      0 141141 166166 275275
21   240240 070070 266290 155183      0 149149 174174 275275
21   0 070070 266266 149149      0 141141 174174 275275
21   256256 070070 262262 151183      0 139155      0 275275
21   0 070072 262270 151183      0 145149 174174 275275
21   0      0 270270 147147 163170 141157 174174      0
21   254266 068068 262262 149181      0 137145 174174 275275
21   0 068068 270270 149151 178178 149149 166166 275275
21   0 070070 286286 149181      0      0 166166 277277
21   260260 070078 266266      0      0 137137 172172 275295
21   240240 070078 270270 149149      0 137147      0      0
21   252252 070070 266266      0      0 147153      0 275275
21   268268 070070 262270 151183      0 157169      0 275297
21   252268 070070 266290 149155      0 145149 174174 275275
21   0 070070 262262 149183      0 141147      0 275275
22   242280 070070 268268 147151 178184 147169 168168 273273
22   272272 070070 270270 149151 161161 145145 172186 275275
22   256272 070070 268270 147151 143143 149169 164174 275275
22   256272 070070 270270 147151      0 151169 166166 275275
22   254254 070070 268270 151173 167180 149149 162172 275275
22   274274 070070 260268 149173 172186 147169 172172 275275
22   272276 070070 270274 149151      0 169169 172172 273273
22   272272 070070 274274 147159 167186 145145 174174 275275
22   242242 070070 268270 149151 167167 145169 166172 273275
22   242242 070070 268270 165165      0 145169 168172 263273
22   240262 070070 270270 151167 137143 147171 164170 263273
22   240240 070070 268270 149151 139141 147147 172172 273273
22   242258 070070 268272 149151 149149 147151 172172 275275
22   248260 070070 268272 151167 141143 169171 172172 273273
22   244244 070070 270270 151151 167167 147169 164170 273273
23   246266 070070 260260 155155      0 147149 166170      0
23   240266 070070 260260 163165      0 137147 172172 275275
23   254260 070070      0 163163      0 147147 172172 277309
23   246246 070070      0 155163      0 147149 172172 275275
23   246266 070070 270270 155165      0 147149 172172 275275
23   246266 068068 266266 149149      0      0 162164 275275
23   246246 070070 314314 134155      0 141141 164164 275275
23   260260 068068      0 155163 139151 147149 166166 277277
23   246260 070070      0 134134      0 147147 190190      0
23   254260 070070      0 149165 178178 141141      0 277277
23   246246 070070 272272 149163 170172 141141 164168 273273
23   246260 070070      0 155163 172172 149149      0 273273
23   246266 070070      0 147165      0 149151 174174 277277
23   246266 070080      0 134155 170170 151151 164174 273273
23   246266 070070      0 149151 151151 141141      0 273273
23   238246 070070 266270 155163 157176 149151 166188 309273
24   252252 070070 268276 151155      0 151151 174174      0
24   252252 070070 268276 151155 163163 151151 168168 273289
24   252252      0 268270 149151 163163 151151 164164 273289
24   252252      0 268276 151155 163163 151151 164168 273289
24   252258      0 266276 151155 163163 151151 172172 269289
24   252252 070070 268276 151155 163163 151151 174174 273289
24   252252 070070 268276 151155 163163 151151 162166 273289
24   252252      0 268276 151155 163163 151151 168180 273289
24   252252 070070 268276 151155 163163 151151 166168 273289
24   252252 070070 268276 151155 163163 151151 168168 273289
24   252252 070070 268276 151155      0 151151 166168      0
24   252252 070070 268276 151155      0 151151 166166      0
24   252252 070070 268270 149151      0 151151 166166      0
24   252252 070070 268276 151155      0 151151 166166 273277
25   248262 070102 270270 149139 163178 141151 172172 275275
25   252252 070102 270270 145149 147147 151151 172172 253275
25   252268 070070 272272 147147 167167 159159 172172 253275
25   252252 070070 268292 155161 147167 149149 164168 269269
25   256256 070102 268270 149149 167167 141141 166166 267267
25   238252 070078 266266 151153 147147 145145      0 311311
25   252252 070102 262262 149149 147147 153153 166166 307307
25   242252 070070 270274 155155 147147      0 168168 267267
25   252260 070070 270270 155155 143167 151151 172172 277277
25   240252 070070 270270 149149 167167 137147 172172 273273
25   242252 070070 270270 151151 170170 139139 164172 275275
25   242258 070070 270270 161147      0 135135 172172 311311
25   248252 070070 270270 143143 147147 143153 172172 275275
25   242252 070070 270274 143143 188190      0 172172 273275
25   240246 070070      0 155155 167167 145145 172172 265291
26   244256      0 264264 151155 145145 147147 172196 265273
26   244256 070070 270270 149149 143143 147147 164164      0
26   244256 070072 260260 149165 147170 147147 172174 310310
26   256256 070070 264270 149149 167182 147147 166198      0
26   250260 070070 270292 155165 147178 143143 164164 275275
26   252252 070088 270292 149165 147147 147147 166166 275275
26   260260 070070 260270 149165 147172 135135 168168 277277
26   244256 070070 270270 149149 149159 147147 172172      0
26   252254 070070 270278 145149 178180      0 172172 269273
26   252256 070070 270270 145155 161161 147147 204204 265265
26   254254 070070 268270 155165 159163 135135 172186 265277
26   248254 070070      0 145151 159159 147147 172172 275289
26   244252 070070 270270 149151 186188 135147 172194 291291
26   244244 070070 260270 149155 159169 147161 172172 275275
26   258268 070070 264270 147149 163176 135151 172172 265287
